462,[106 144  41 156  94 116  98  46  81 143  27  51  62 116 111  62  94 158
  62  37 131 127  99 158 131 100  78 143 153  62 153 142 131 156  74 158
 156  40  99 167  62  94 153 153 153 127  99 153  99  78 156 111  99 158
 144 143  74 158 100 143 158 156 153  74 153  99 156 156 144  51 153 142
 143 156  62 144 111 143 153 156 156  81  46  51 106 142 144  74 156 153
 158 106 144 156 153  74 156 158  81  37  51 144 142 158  40  74  78  81
 144  81 144 158  40 111 106  37 158 100 158 156 142 167 163  68 140 138
 159 122  75 160 155 148  75 150 159  75 161  76 161 164 150 140  75 148
 162 154 155 102 148 163 164 161  48 161  45 112 154 159 163 162 159 162
 155 160 160  76  48 163 104 162  48  20 148 159 160 159 154 122 148 163
 138 150 163 154 164 154 148 164 161 159  75  68 161 160 160 102 161 159
 155 155 161 115  45 155 159 164 138 160  32 164 160 162 154 159 140 112
 159 154  75  68 163 159 162  76 161  33 154  76 161 122  32 160 163 155
 129 159 159 112  48 104 155 161 160 165 161 141  88 149  54  71  71  61
 141 151 133  54 146 101  54  88 120 166 157  44  80  44  34  88 137  35
 149 146 157 132 137 151 136 151 149 147 149  29  54  54  54  28  80  71
  65  65 136  34 133  88 157 157 136 166 157 157 141 137 157 146  29  44
  34 146 157 147 132 149 147 141  61 151  65 147 149 151  80 147 157 137
  61  35  34 118  61 151  47 149 120 166  88 101  88  34 151 166 133 149
  44  71  91  55  86  83 119 145 145 108  63  55  26  83  86 152 114  55
 145 152 125  83 152  83  64  89 145 152 152 135 145 168  64 152 123 134
 114 139 139 135 110 139 139  64 125 125  43 145 114  91 145  21  31  31
  90 173 123 123 110  86 134 114  31 139 110 145  57 108 145 168  30  50
  82 130  93  52  58  58  66 105  92  39  97  77  38 126  42  23  70  84
  70  50  56  59  16  49  39 130  39  56  39  79  87  52  42 107  49  42
 103  66  69  50  66 107  79 124  93  60  36  69]