268,[106 116  81  51 116  62 131  94 143 153 156 153  78 158  74 144 143 153
 156 158  99 131 156 153  99  81  74 142  27 100  46 156 158  37 106 158
  62 156 127 142  78 158 156  51  81 131 153 153  37  62  40  41  94 158
 111 158 100 156 143 143  74 163 159  68 140  20 102 161 154 162  76 162
 122 159 159 140  76 163 154 159 164 115 164  75 155 159 112  75 140 155
 148 154 148 104 102 160  45 159 150  68 163 160 159 160 112 122 159 148
  48 150 148 155 129 160 154 160  76 155 161 163 148 159 155 162 160  48
 161 161 141 149 133 120 141 146  54 151 157 146  44 137 137  71  54  28
  88 136  44 157  80  34 157 151 141  35 136  71 147 146 101 147 157  54
  44 151 166 146 149  29 149  34  61 137 147 101  47  54  88 151  88  35
 137 151 151 149  71  65  54  91  86  55  55  55 145  83 135 145 123 139
 114 145 145 125 125  91 139  89  83 152 135  43  64 145 173  26 145 152
 152  31 119 139 108 110 123  57  86  86 110  83  64  63 123 145  50  66
  58  84 130  49 126  97  42 130  49  16  77  39  38 107  56  42  82  79
  92  39  69  59  42  50  93  58 107 124  87  69  66  66  52  79]