482,[106  27  78  41 144  72 100  99  62  51 116 156  46  81  98  62 158 144
  74 116  94 158  37 127 131 127  99 131  51  62 106 153 100  94 143 153
 153 142 156 153 144 153 158 156  99 158 158  51 156 153 153  78  40  40
  99 158 144 167 143 143  62 100  74 156  74 111 111 142 144 142  74  46
 153  81  37  81 156 143 111 142 167  81 158 153 111 131 156  62 156 158
  78 158 144 156 153 156 156 158 106 158 106  74 153 142  94 144  99 143
 144  37  51  72 156 111  62  99 143 153 156 153  37 153  74 163  68 140
 138 159 140 155 150 160 159  48  68 138  45 159 154 163 112 155  75  75
  68 155  75  75 161 161  32 112 159 140 122  45 154 155  33 148  20  75
 163 148  32  48 154 115 162 102 159 164 155 162 163  48 115 161 163 164
 150 162 155 160 160 122 162  76  33 159 159 161 160 161 102 163 160 155
 164 160 155 154 154 164 161  76 159  76 140 150 161  75 154 148 154 160
  68 154 159 163 159 138  76 154 160 161 161 160 148 163 164 150 164  33
 160 129  48 148 160 159 161 150 159 165 161 159 104 122 161  32 162 112
 129 104 162 154 163 161 141 149  54  65 151 146  71  44 136  88 149 133
  54 141  65  88 146  54  34 149  54 147 149 151 146  95  61 151 157  44
 101  88  34 141 151 151  34 101 149  35 147  61  54  34  80  61 149 137
 146 101  71 147 157 133 166 147 120  29 166 157  47 151 157 137  71  65
  54 118  28  44 157 132 157 166 157 136 147 137 141 136 136  80 157 149
  34  29  88 132 141  35  88 120 151 137  61 157  71 166 137  44  80 149
  88 118 133  91  55 145 145  86  83 135 119  89  55 145 152 145 108  64
  83  31 110 145  83  55  26  86 134 110 139  63  21 168 152 114 114 125
 134 152  64 173  64 135 139 152 139  43 110 152 145  83  86 139 125 145
  31 123 145  57 139 123 114  91 123 145 152  26  90  31 108 114 168  30
  50  58  38 130  92  70  59  16  60  79  66  58  93  49  56 130  23  82
 105  39  77  97  79  84 103  39 126  42  42  69  52  70  50  66  39  69
  39  13  66  50  56 107  49  42  52  93 124  87 107  36]