prescision@ average results:
1.0 0.98989898989899 0.9427609427609427 0.8737373737373737 0.771717171717171 

recall@ average results:
0.2915824915824914 0.5629629629629626 0.772053872053872 0.9239057239057233 1.0 

F1@ average results:
0.43804713804713785 0.6967772967772959 0.8278258778258775 0.8785313451980112 0.8533349366682693 

F0.5@ average results:
0.6493105659772331 0.839176536146233 0.8882590720826009 0.8725358653119225 0.8003011481272353 

prescision@ results:
1.0 1.0 1.0 0.75 0.8 
1.0 1.0 1.0 0.75 0.6 
1.0 1.0 1.0 1.0 0.8 
1.0 1.0 1.0 0.75 0.6 
1.0 1.0 0.6666666666666666 0.5 0.4 
1.0 1.0 0.6666666666666666 0.5 0.4 
1.0 1.0 1.0 1.0 1.0 
1.0 1.0 1.0 1.0 1.0 
1.0 1.0 1.0 1.0 0.8 
1.0 1.0 1.0 0.75 0.8 
1.0 1.0 1.0 0.75 0.6 
1.0 1.0 1.0 1.0 0.8 
1.0 1.0 1.0 1.0 0.8 
1.0 1.0 0.6666666666666666 0.5 0.4 
1.0 1.0 1.0 1.0 1.0 
1.0 1.0 1.0 0.75 0.6 
1.0 1.0 1.0 1.0 0.8 
1.0 1.0 1.0 1.0 0.8 
1.0 1.0 1.0 1.0 1.0 
1.0 1.0 1.0 1.0 0.8 
1.0 1.0 1.0 1.0 0.8 
1.0 1.0 1.0 1.0 1.0 
1.0 1.0 0.6666666666666666 0.5 0.4 
1.0 1.0 1.0 0.75 0.6 
1.0 1.0 1.0 1.0 1.0 
1.0 1.0 1.0 0.75 0.6 
1.0 1.0 1.0 1.0 0.8 
1.0 1.0 1.0 1.0 1.0 
1.0 1.0 1.0 0.75 0.6 
1.0 1.0 1.0 1.0 0.8 
1.0 1.0 1.0 1.0 1.0 
1.0 1.0 1.0 1.0 1.0 
1.0 1.0 1.0 1.0 1.0 
1.0 1.0 1.0 1.0 0.8 
1.0 1.0 0.6666666666666666 0.5 0.4 
1.0 1.0 1.0 1.0 0.8 
1.0 1.0 0.6666666666666666 0.5 0.4 
1.0 1.0 1.0 1.0 1.0 
1.0 1.0 0.6666666666666666 0.5 0.6 
1.0 1.0 0.6666666666666666 0.5 0.4 
1.0 1.0 1.0 1.0 0.8 
1.0 1.0 1.0 1.0 1.0 
1.0 1.0 0.6666666666666666 0.75 0.6 
1.0 1.0 1.0 0.75 0.6 
1.0 1.0 1.0 1.0 0.8 
1.0 1.0 1.0 1.0 1.0 
1.0 1.0 1.0 1.0 0.8 
1.0 1.0 1.0 1.0 1.0 
1.0 1.0 1.0 1.0 0.8 
1.0 1.0 1.0 1.0 0.8 
1.0 1.0 1.0 1.0 1.0 
1.0 1.0 1.0 0.75 0.6 
1.0 1.0 1.0 1.0 0.8 
1.0 1.0 1.0 0.75 0.8 
1.0 1.0 1.0 1.0 0.8 
1.0 1.0 0.6666666666666666 0.5 0.4 
1.0 1.0 1.0 1.0 1.0 
1.0 1.0 0.6666666666666666 0.5 0.4 
1.0 1.0 1.0 0.75 0.6 
1.0 1.0 1.0 1.0 0.8 
1.0 1.0 1.0 0.75 0.6 
1.0 1.0 1.0 1.0 0.8 
1.0 0.5 0.3333333333333333 0.25 0.2 
1.0 1.0 1.0 1.0 1.0 
1.0 1.0 1.0 1.0 1.0 
1.0 1.0 1.0 1.0 0.8 
1.0 1.0 1.0 1.0 1.0 
1.0 1.0 1.0 1.0 1.0 
1.0 1.0 1.0 1.0 0.8 
1.0 1.0 1.0 1.0 1.0 
1.0 1.0 1.0 1.0 0.8 
1.0 1.0 1.0 1.0 0.8 
1.0 1.0 1.0 1.0 1.0 
1.0 1.0 1.0 1.0 0.8 
1.0 0.5 0.3333333333333333 0.25 0.2 
1.0 1.0 1.0 0.75 0.8 
1.0 1.0 1.0 0.75 0.6 
1.0 1.0 1.0 1.0 0.8 
1.0 1.0 1.0 1.0 0.8 
1.0 1.0 1.0 1.0 0.8 
1.0 1.0 1.0 1.0 1.0 
1.0 1.0 1.0 1.0 1.0 
1.0 1.0 0.6666666666666666 0.5 0.4 
1.0 1.0 1.0 1.0 1.0 
1.0 1.0 0.6666666666666666 0.5 0.4 
1.0 1.0 1.0 1.0 1.0 
1.0 1.0 1.0 1.0 0.8 
1.0 1.0 1.0 1.0 1.0 
1.0 1.0 1.0 1.0 0.8 
1.0 1.0 1.0 1.0 0.8 
1.0 1.0 1.0 0.75 0.6 
1.0 1.0 1.0 1.0 1.0 
1.0 1.0 1.0 0.75 0.6 
1.0 1.0 1.0 1.0 1.0 
1.0 1.0 1.0 1.0 1.0 
1.0 1.0 1.0 1.0 1.0 
1.0 1.0 1.0 1.0 0.8 
1.0 1.0 1.0 0.75 0.6 
1.0 1.0 1.0 1.0 0.8 

recall@ results:
0.25 0.5 0.75 0.75 1.0 
0.3333333333333333 0.6666666666666666 1.0 1.0 1.0 
0.25 0.5 0.75 1.0 1.0 
0.3333333333333333 0.6666666666666666 1.0 1.0 1.0 
0.5 1.0 1.0 1.0 1.0 
0.5 1.0 1.0 1.0 1.0 
0.2 0.4 0.6 0.8 1.0 
0.2 0.4 0.6 0.8 1.0 
0.25 0.5 0.75 1.0 1.0 
0.25 0.5 0.75 0.75 1.0 
0.3333333333333333 0.6666666666666666 1.0 1.0 1.0 
0.25 0.5 0.75 1.0 1.0 
0.25 0.5 0.75 1.0 1.0 
0.5 1.0 1.0 1.0 1.0 
0.2 0.4 0.6 0.8 1.0 
0.3333333333333333 0.6666666666666666 1.0 1.0 1.0 
0.25 0.5 0.75 1.0 1.0 
0.25 0.5 0.75 1.0 1.0 
0.2 0.4 0.6 0.8 1.0 
0.25 0.5 0.75 1.0 1.0 
0.25 0.5 0.75 1.0 1.0 
0.2 0.4 0.6 0.8 1.0 
0.5 1.0 1.0 1.0 1.0 
0.3333333333333333 0.6666666666666666 1.0 1.0 1.0 
0.2 0.4 0.6 0.8 1.0 
0.3333333333333333 0.6666666666666666 1.0 1.0 1.0 
0.25 0.5 0.75 1.0 1.0 
0.2 0.4 0.6 0.8 1.0 
0.3333333333333333 0.6666666666666666 1.0 1.0 1.0 
0.25 0.5 0.75 1.0 1.0 
0.2 0.4 0.6 0.8 1.0 
0.2 0.4 0.6 0.8 1.0 
0.2 0.4 0.6 0.8 1.0 
0.25 0.5 0.75 1.0 1.0 
0.5 1.0 1.0 1.0 1.0 
0.25 0.5 0.75 1.0 1.0 
0.5 1.0 1.0 1.0 1.0 
0.2 0.4 0.6 0.8 1.0 
0.3333333333333333 0.6666666666666666 0.6666666666666666 0.6666666666666666 1.0 
0.5 1.0 1.0 1.0 1.0 
0.25 0.5 0.75 1.0 1.0 
0.2 0.4 0.6 0.8 1.0 
0.3333333333333333 0.6666666666666666 0.6666666666666666 1.0 1.0 
0.3333333333333333 0.6666666666666666 1.0 1.0 1.0 
0.25 0.5 0.75 1.0 1.0 
0.2 0.4 0.6 0.8 1.0 
0.25 0.5 0.75 1.0 1.0 
0.2 0.4 0.6 0.8 1.0 
0.25 0.5 0.75 1.0 1.0 
0.25 0.5 0.75 1.0 1.0 
0.2 0.4 0.6 0.8 1.0 
0.3333333333333333 0.6666666666666666 1.0 1.0 1.0 
0.25 0.5 0.75 1.0 1.0 
0.25 0.5 0.75 0.75 1.0 
0.25 0.5 0.75 1.0 1.0 
0.5 1.0 1.0 1.0 1.0 
0.2 0.4 0.6 0.8 1.0 
0.5 1.0 1.0 1.0 1.0 
0.3333333333333333 0.6666666666666666 1.0 1.0 1.0 
0.25 0.5 0.75 1.0 1.0 
0.3333333333333333 0.6666666666666666 1.0 1.0 1.0 
0.25 0.5 0.75 1.0 1.0 
1.0 1.0 1.0 1.0 1.0 
0.2 0.4 0.6 0.8 1.0 
0.2 0.4 0.6 0.8 1.0 
0.25 0.5 0.75 1.0 1.0 
0.2 0.4 0.6 0.8 1.0 
0.2 0.4 0.6 0.8 1.0 
0.25 0.5 0.75 1.0 1.0 
0.2 0.4 0.6 0.8 1.0 
0.25 0.5 0.75 1.0 1.0 
0.25 0.5 0.75 1.0 1.0 
0.2 0.4 0.6 0.8 1.0 
0.25 0.5 0.75 1.0 1.0 
1.0 1.0 1.0 1.0 1.0 
0.25 0.5 0.75 0.75 1.0 
0.3333333333333333 0.6666666666666666 1.0 1.0 1.0 
0.25 0.5 0.75 1.0 1.0 
0.25 0.5 0.75 1.0 1.0 
0.25 0.5 0.75 1.0 1.0 
0.2 0.4 0.6 0.8 1.0 
0.2 0.4 0.6 0.8 1.0 
0.5 1.0 1.0 1.0 1.0 
0.2 0.4 0.6 0.8 1.0 
0.5 1.0 1.0 1.0 1.0 
0.2 0.4 0.6 0.8 1.0 
0.25 0.5 0.75 1.0 1.0 
0.2 0.4 0.6 0.8 1.0 
0.25 0.5 0.75 1.0 1.0 
0.25 0.5 0.75 1.0 1.0 
0.3333333333333333 0.6666666666666666 1.0 1.0 1.0 
0.2 0.4 0.6 0.8 1.0 
0.3333333333333333 0.6666666666666666 1.0 1.0 1.0 
0.2 0.4 0.6 0.8 1.0 
0.2 0.4 0.6 0.8 1.0 
0.2 0.4 0.6 0.8 1.0 
0.25 0.5 0.75 1.0 1.0 
0.3333333333333333 0.6666666666666666 1.0 1.0 1.0 
0.25 0.5 0.75 1.0 1.0 

f1@ results:
0.4 0.6666666666666666 0.8571428571428571 0.75 0.888888888888889 
0.5 0.8 1.0 0.8571428571428571 0.7499999999999999 
0.4 0.6666666666666666 0.8571428571428571 1.0 0.888888888888889 
0.5 0.8 1.0 0.8571428571428571 0.7499999999999999 
0.6666666666666666 1.0 0.8 0.6666666666666666 0.5714285714285715 
0.6666666666666666 1.0 0.8 0.6666666666666666 0.5714285714285715 
0.33333333333333337 0.5714285714285715 0.7499999999999999 0.888888888888889 1.0 
0.33333333333333337 0.5714285714285715 0.7499999999999999 0.888888888888889 1.0 
0.4 0.6666666666666666 0.8571428571428571 1.0 0.888888888888889 
0.4 0.6666666666666666 0.8571428571428571 0.75 0.888888888888889 
0.5 0.8 1.0 0.8571428571428571 0.7499999999999999 
0.4 0.6666666666666666 0.8571428571428571 1.0 0.888888888888889 
0.4 0.6666666666666666 0.8571428571428571 1.0 0.888888888888889 
0.6666666666666666 1.0 0.8 0.6666666666666666 0.5714285714285715 
0.33333333333333337 0.5714285714285715 0.7499999999999999 0.888888888888889 1.0 
0.5 0.8 1.0 0.8571428571428571 0.7499999999999999 
0.4 0.6666666666666666 0.8571428571428571 1.0 0.888888888888889 
0.4 0.6666666666666666 0.8571428571428571 1.0 0.888888888888889 
0.33333333333333337 0.5714285714285715 0.7499999999999999 0.888888888888889 1.0 
0.4 0.6666666666666666 0.8571428571428571 1.0 0.888888888888889 
0.4 0.6666666666666666 0.8571428571428571 1.0 0.888888888888889 
0.33333333333333337 0.5714285714285715 0.7499999999999999 0.888888888888889 1.0 
0.6666666666666666 1.0 0.8 0.6666666666666666 0.5714285714285715 
0.5 0.8 1.0 0.8571428571428571 0.7499999999999999 
0.33333333333333337 0.5714285714285715 0.7499999999999999 0.888888888888889 1.0 
0.5 0.8 1.0 0.8571428571428571 0.7499999999999999 
0.4 0.6666666666666666 0.8571428571428571 1.0 0.888888888888889 
0.33333333333333337 0.5714285714285715 0.7499999999999999 0.888888888888889 1.0 
0.5 0.8 1.0 0.8571428571428571 0.7499999999999999 
0.4 0.6666666666666666 0.8571428571428571 1.0 0.888888888888889 
0.33333333333333337 0.5714285714285715 0.7499999999999999 0.888888888888889 1.0 
0.33333333333333337 0.5714285714285715 0.7499999999999999 0.888888888888889 1.0 
0.33333333333333337 0.5714285714285715 0.7499999999999999 0.888888888888889 1.0 
0.4 0.6666666666666666 0.8571428571428571 1.0 0.888888888888889 
0.6666666666666666 1.0 0.8 0.6666666666666666 0.5714285714285715 
0.4 0.6666666666666666 0.8571428571428571 1.0 0.888888888888889 
0.6666666666666666 1.0 0.8 0.6666666666666666 0.5714285714285715 
0.33333333333333337 0.5714285714285715 0.7499999999999999 0.888888888888889 1.0 
0.5 0.8 0.6666666666666666 0.5714285714285715 0.7499999999999999 
0.6666666666666666 1.0 0.8 0.6666666666666666 0.5714285714285715 
0.4 0.6666666666666666 0.8571428571428571 1.0 0.888888888888889 
0.33333333333333337 0.5714285714285715 0.7499999999999999 0.888888888888889 1.0 
0.5 0.8 0.6666666666666666 0.8571428571428571 0.7499999999999999 
0.5 0.8 1.0 0.8571428571428571 0.7499999999999999 
0.4 0.6666666666666666 0.8571428571428571 1.0 0.888888888888889 
0.33333333333333337 0.5714285714285715 0.7499999999999999 0.888888888888889 1.0 
0.4 0.6666666666666666 0.8571428571428571 1.0 0.888888888888889 
0.33333333333333337 0.5714285714285715 0.7499999999999999 0.888888888888889 1.0 
0.4 0.6666666666666666 0.8571428571428571 1.0 0.888888888888889 
0.4 0.6666666666666666 0.8571428571428571 1.0 0.888888888888889 
0.33333333333333337 0.5714285714285715 0.7499999999999999 0.888888888888889 1.0 
0.5 0.8 1.0 0.8571428571428571 0.7499999999999999 
0.4 0.6666666666666666 0.8571428571428571 1.0 0.888888888888889 
0.4 0.6666666666666666 0.8571428571428571 0.75 0.888888888888889 
0.4 0.6666666666666666 0.8571428571428571 1.0 0.888888888888889 
0.6666666666666666 1.0 0.8 0.6666666666666666 0.5714285714285715 
0.33333333333333337 0.5714285714285715 0.7499999999999999 0.888888888888889 1.0 
0.6666666666666666 1.0 0.8 0.6666666666666666 0.5714285714285715 
0.5 0.8 1.0 0.8571428571428571 0.7499999999999999 
0.4 0.6666666666666666 0.8571428571428571 1.0 0.888888888888889 
0.5 0.8 1.0 0.8571428571428571 0.7499999999999999 
0.4 0.6666666666666666 0.8571428571428571 1.0 0.888888888888889 
1.0 0.6666666666666666 0.5 0.4 0.33333333333333337 
0.33333333333333337 0.5714285714285715 0.7499999999999999 0.888888888888889 1.0 
0.33333333333333337 0.5714285714285715 0.7499999999999999 0.888888888888889 1.0 
0.4 0.6666666666666666 0.8571428571428571 1.0 0.888888888888889 
0.33333333333333337 0.5714285714285715 0.7499999999999999 0.888888888888889 1.0 
0.33333333333333337 0.5714285714285715 0.7499999999999999 0.888888888888889 1.0 
0.4 0.6666666666666666 0.8571428571428571 1.0 0.888888888888889 
0.33333333333333337 0.5714285714285715 0.7499999999999999 0.888888888888889 1.0 
0.4 0.6666666666666666 0.8571428571428571 1.0 0.888888888888889 
0.4 0.6666666666666666 0.8571428571428571 1.0 0.888888888888889 
0.33333333333333337 0.5714285714285715 0.7499999999999999 0.888888888888889 1.0 
0.4 0.6666666666666666 0.8571428571428571 1.0 0.888888888888889 
1.0 0.6666666666666666 0.5 0.4 0.33333333333333337 
0.4 0.6666666666666666 0.8571428571428571 0.75 0.888888888888889 
0.5 0.8 1.0 0.8571428571428571 0.7499999999999999 
0.4 0.6666666666666666 0.8571428571428571 1.0 0.888888888888889 
0.4 0.6666666666666666 0.8571428571428571 1.0 0.888888888888889 
0.4 0.6666666666666666 0.8571428571428571 1.0 0.888888888888889 
0.33333333333333337 0.5714285714285715 0.7499999999999999 0.888888888888889 1.0 
0.33333333333333337 0.5714285714285715 0.7499999999999999 0.888888888888889 1.0 
0.6666666666666666 1.0 0.8 0.6666666666666666 0.5714285714285715 
0.33333333333333337 0.5714285714285715 0.7499999999999999 0.888888888888889 1.0 
0.6666666666666666 1.0 0.8 0.6666666666666666 0.5714285714285715 
0.33333333333333337 0.5714285714285715 0.7499999999999999 0.888888888888889 1.0 
0.4 0.6666666666666666 0.8571428571428571 1.0 0.888888888888889 
0.33333333333333337 0.5714285714285715 0.7499999999999999 0.888888888888889 1.0 
0.4 0.6666666666666666 0.8571428571428571 1.0 0.888888888888889 
0.4 0.6666666666666666 0.8571428571428571 1.0 0.888888888888889 
0.5 0.8 1.0 0.8571428571428571 0.7499999999999999 
0.33333333333333337 0.5714285714285715 0.7499999999999999 0.888888888888889 1.0 
0.5 0.8 1.0 0.8571428571428571 0.7499999999999999 
0.33333333333333337 0.5714285714285715 0.7499999999999999 0.888888888888889 1.0 
0.33333333333333337 0.5714285714285715 0.7499999999999999 0.888888888888889 1.0 
0.33333333333333337 0.5714285714285715 0.7499999999999999 0.888888888888889 1.0 
0.4 0.6666666666666666 0.8571428571428571 1.0 0.888888888888889 
0.5 0.8 1.0 0.8571428571428571 0.7499999999999999 
0.4 0.6666666666666666 0.8571428571428571 1.0 0.888888888888889 

f0.5@ results:
0.625 0.8333333333333334 0.9375 0.75 0.8333333333333334 
0.7142857142857143 0.9090909090909091 1.0 0.7894736842105263 0.6521739130434783 
0.625 0.8333333333333334 0.9375 1.0 0.8333333333333334 
0.7142857142857143 0.9090909090909091 1.0 0.7894736842105263 0.6521739130434783 
0.8333333333333334 1.0 0.7142857142857142 0.5555555555555556 0.45454545454545453 
0.8333333333333334 1.0 0.7142857142857142 0.5555555555555556 0.45454545454545453 
0.5555555555555556 0.7692307692307692 0.8823529411764706 0.9523809523809523 1.0 
0.5555555555555556 0.7692307692307692 0.8823529411764706 0.9523809523809523 1.0 
0.625 0.8333333333333334 0.9375 1.0 0.8333333333333334 
0.625 0.8333333333333334 0.9375 0.75 0.8333333333333334 
0.7142857142857143 0.9090909090909091 1.0 0.7894736842105263 0.6521739130434783 
0.625 0.8333333333333334 0.9375 1.0 0.8333333333333334 
0.625 0.8333333333333334 0.9375 1.0 0.8333333333333334 
0.8333333333333334 1.0 0.7142857142857142 0.5555555555555556 0.45454545454545453 
0.5555555555555556 0.7692307692307692 0.8823529411764706 0.9523809523809523 1.0 
0.7142857142857143 0.9090909090909091 1.0 0.7894736842105263 0.6521739130434783 
0.625 0.8333333333333334 0.9375 1.0 0.8333333333333334 
0.625 0.8333333333333334 0.9375 1.0 0.8333333333333334 
0.5555555555555556 0.7692307692307692 0.8823529411764706 0.9523809523809523 1.0 
0.625 0.8333333333333334 0.9375 1.0 0.8333333333333334 
0.625 0.8333333333333334 0.9375 1.0 0.8333333333333334 
0.5555555555555556 0.7692307692307692 0.8823529411764706 0.9523809523809523 1.0 
0.8333333333333334 1.0 0.7142857142857142 0.5555555555555556 0.45454545454545453 
0.7142857142857143 0.9090909090909091 1.0 0.7894736842105263 0.6521739130434783 
0.5555555555555556 0.7692307692307692 0.8823529411764706 0.9523809523809523 1.0 
0.7142857142857143 0.9090909090909091 1.0 0.7894736842105263 0.6521739130434783 
0.625 0.8333333333333334 0.9375 1.0 0.8333333333333334 
0.5555555555555556 0.7692307692307692 0.8823529411764706 0.9523809523809523 1.0 
0.7142857142857143 0.9090909090909091 1.0 0.7894736842105263 0.6521739130434783 
0.625 0.8333333333333334 0.9375 1.0 0.8333333333333334 
0.5555555555555556 0.7692307692307692 0.8823529411764706 0.9523809523809523 1.0 
0.5555555555555556 0.7692307692307692 0.8823529411764706 0.9523809523809523 1.0 
0.5555555555555556 0.7692307692307692 0.8823529411764706 0.9523809523809523 1.0 
0.625 0.8333333333333334 0.9375 1.0 0.8333333333333334 
0.8333333333333334 1.0 0.7142857142857142 0.5555555555555556 0.45454545454545453 
0.625 0.8333333333333334 0.9375 1.0 0.8333333333333334 
0.8333333333333334 1.0 0.7142857142857142 0.5555555555555556 0.45454545454545453 
0.5555555555555556 0.7692307692307692 0.8823529411764706 0.9523809523809523 1.0 
0.7142857142857143 0.9090909090909091 0.6666666666666666 0.5263157894736842 0.6521739130434783 
0.8333333333333334 1.0 0.7142857142857142 0.5555555555555556 0.45454545454545453 
0.625 0.8333333333333334 0.9375 1.0 0.8333333333333334 
0.5555555555555556 0.7692307692307692 0.8823529411764706 0.9523809523809523 1.0 
0.7142857142857143 0.9090909090909091 0.6666666666666666 0.7894736842105263 0.6521739130434783 
0.7142857142857143 0.9090909090909091 1.0 0.7894736842105263 0.6521739130434783 
0.625 0.8333333333333334 0.9375 1.0 0.8333333333333334 
0.5555555555555556 0.7692307692307692 0.8823529411764706 0.9523809523809523 1.0 
0.625 0.8333333333333334 0.9375 1.0 0.8333333333333334 
0.5555555555555556 0.7692307692307692 0.8823529411764706 0.9523809523809523 1.0 
0.625 0.8333333333333334 0.9375 1.0 0.8333333333333334 
0.625 0.8333333333333334 0.9375 1.0 0.8333333333333334 
0.5555555555555556 0.7692307692307692 0.8823529411764706 0.9523809523809523 1.0 
0.7142857142857143 0.9090909090909091 1.0 0.7894736842105263 0.6521739130434783 
0.625 0.8333333333333334 0.9375 1.0 0.8333333333333334 
0.625 0.8333333333333334 0.9375 0.75 0.8333333333333334 
0.625 0.8333333333333334 0.9375 1.0 0.8333333333333334 
0.8333333333333334 1.0 0.7142857142857142 0.5555555555555556 0.45454545454545453 
0.5555555555555556 0.7692307692307692 0.8823529411764706 0.9523809523809523 1.0 
0.8333333333333334 1.0 0.7142857142857142 0.5555555555555556 0.45454545454545453 
0.7142857142857143 0.9090909090909091 1.0 0.7894736842105263 0.6521739130434783 
0.625 0.8333333333333334 0.9375 1.0 0.8333333333333334 
0.7142857142857143 0.9090909090909091 1.0 0.7894736842105263 0.6521739130434783 
0.625 0.8333333333333334 0.9375 1.0 0.8333333333333334 
1.0 0.5555555555555556 0.3846153846153846 0.29411764705882354 0.23809523809523808 
0.5555555555555556 0.7692307692307692 0.8823529411764706 0.9523809523809523 1.0 
0.5555555555555556 0.7692307692307692 0.8823529411764706 0.9523809523809523 1.0 
0.625 0.8333333333333334 0.9375 1.0 0.8333333333333334 
0.5555555555555556 0.7692307692307692 0.8823529411764706 0.9523809523809523 1.0 
0.5555555555555556 0.7692307692307692 0.8823529411764706 0.9523809523809523 1.0 
0.625 0.8333333333333334 0.9375 1.0 0.8333333333333334 
0.5555555555555556 0.7692307692307692 0.8823529411764706 0.9523809523809523 1.0 
0.625 0.8333333333333334 0.9375 1.0 0.8333333333333334 
0.625 0.8333333333333334 0.9375 1.0 0.8333333333333334 
0.5555555555555556 0.7692307692307692 0.8823529411764706 0.9523809523809523 1.0 
0.625 0.8333333333333334 0.9375 1.0 0.8333333333333334 
1.0 0.5555555555555556 0.3846153846153846 0.29411764705882354 0.23809523809523808 
0.625 0.8333333333333334 0.9375 0.75 0.8333333333333334 
0.7142857142857143 0.9090909090909091 1.0 0.7894736842105263 0.6521739130434783 
0.625 0.8333333333333334 0.9375 1.0 0.8333333333333334 
0.625 0.8333333333333334 0.9375 1.0 0.8333333333333334 
0.625 0.8333333333333334 0.9375 1.0 0.8333333333333334 
0.5555555555555556 0.7692307692307692 0.8823529411764706 0.9523809523809523 1.0 
0.5555555555555556 0.7692307692307692 0.8823529411764706 0.9523809523809523 1.0 
0.8333333333333334 1.0 0.7142857142857142 0.5555555555555556 0.45454545454545453 
0.5555555555555556 0.7692307692307692 0.8823529411764706 0.9523809523809523 1.0 
0.8333333333333334 1.0 0.7142857142857142 0.5555555555555556 0.45454545454545453 
0.5555555555555556 0.7692307692307692 0.8823529411764706 0.9523809523809523 1.0 
0.625 0.8333333333333334 0.9375 1.0 0.8333333333333334 
0.5555555555555556 0.7692307692307692 0.8823529411764706 0.9523809523809523 1.0 
0.625 0.8333333333333334 0.9375 1.0 0.8333333333333334 
0.625 0.8333333333333334 0.9375 1.0 0.8333333333333334 
0.7142857142857143 0.9090909090909091 1.0 0.7894736842105263 0.6521739130434783 
0.5555555555555556 0.7692307692307692 0.8823529411764706 0.9523809523809523 1.0 
0.7142857142857143 0.9090909090909091 1.0 0.7894736842105263 0.6521739130434783 
0.5555555555555556 0.7692307692307692 0.8823529411764706 0.9523809523809523 1.0 
0.5555555555555556 0.7692307692307692 0.8823529411764706 0.9523809523809523 1.0 
0.5555555555555556 0.7692307692307692 0.8823529411764706 0.9523809523809523 1.0 
0.625 0.8333333333333334 0.9375 1.0 0.8333333333333334 
0.7142857142857143 0.9090909090909091 1.0 0.7894736842105263 0.6521739130434783 
0.625 0.8333333333333334 0.9375 1.0 0.8333333333333334 

