prescision@ average results:
1.0 1.0 1.0 0.9924242424242424 0.9696969696969695 0.9326599326599325 0.89033189033189 0.8282828282828283 0.7598204264870927 0.6999999999999998 

recall@ average results:
0.15530303030303017 0.31060606060606033 0.46590909090909105 0.6111111111111105 0.7351731601731601 0.8327320827320828 0.9128306878306877 0.9585618085618081 0.9824074074074076 1.0 

F1@ average results:
0.2656456338274518 0.4655341291704927 0.6224105860469499 0.7405996921148432 0.8195995362662024 0.8632278495914849 0.8851484769933964 0.8729700516688036 0.8420138312553163 0.8094874681561979 

F0.5@ average results:
0.46828606298303266 0.6770141210872047 0.7969501838239523 0.8671438316747235 0.8983879315630101 0.8995775380941157 0.8850540562394698 0.8430184824065866 0.7886036065954186 0.7383215020949818 

prescision@ results:
1.0 1.0 1.0 1.0 1.0 1.0 1.0 1.0 1.0 1.0 
1.0 1.0 1.0 1.0 1.0 1.0 0.8571428571428571 0.875 0.7777777777777778 0.7 
1.0 1.0 1.0 1.0 1.0 1.0 0.8571428571428571 0.75 0.7777777777777778 0.7 
1.0 1.0 1.0 1.0 1.0 1.0 1.0 1.0 0.8888888888888888 0.8 
1.0 1.0 1.0 1.0 1.0 0.8333333333333334 0.7142857142857143 0.625 0.5555555555555556 0.5 
1.0 1.0 1.0 1.0 1.0 1.0 1.0 1.0 1.0 1.0 
1.0 1.0 1.0 1.0 1.0 1.0 1.0 1.0 1.0 1.0 
1.0 1.0 1.0 1.0 1.0 1.0 1.0 1.0 0.8888888888888888 0.9 
1.0 1.0 1.0 1.0 1.0 1.0 1.0 1.0 1.0 0.9 
1.0 1.0 1.0 1.0 1.0 1.0 1.0 0.875 0.8888888888888888 0.8 
1.0 1.0 1.0 1.0 0.8 0.6666666666666666 0.7142857142857143 0.625 0.5555555555555556 0.5 
1.0 1.0 1.0 1.0 1.0 1.0 1.0 0.875 0.7777777777777778 0.7 
1.0 1.0 1.0 1.0 1.0 0.8333333333333334 0.7142857142857143 0.625 0.5555555555555556 0.5 
1.0 1.0 1.0 1.0 1.0 1.0 1.0 0.875 0.7777777777777778 0.7 
1.0 1.0 1.0 1.0 1.0 0.8333333333333334 0.7142857142857143 0.625 0.5555555555555556 0.5 
1.0 1.0 1.0 1.0 1.0 1.0 1.0 1.0 0.8888888888888888 0.9 
1.0 1.0 1.0 0.75 0.6 0.5 0.42857142857142855 0.375 0.3333333333333333 0.3 
1.0 1.0 1.0 1.0 1.0 1.0 0.8571428571428571 0.75 0.6666666666666666 0.6 
1.0 1.0 1.0 1.0 1.0 1.0 1.0 1.0 1.0 0.9 
1.0 1.0 1.0 1.0 1.0 1.0 1.0 0.875 0.7777777777777778 0.7 
1.0 1.0 1.0 1.0 1.0 1.0 1.0 0.875 0.7777777777777778 0.7 
1.0 1.0 1.0 1.0 1.0 1.0 1.0 1.0 0.8888888888888888 0.9 
1.0 1.0 1.0 1.0 0.8 0.6666666666666666 0.5714285714285714 0.5 0.4444444444444444 0.4 
1.0 1.0 1.0 1.0 1.0 1.0 0.8571428571428571 0.75 0.6666666666666666 0.6 
1.0 1.0 1.0 1.0 1.0 1.0 1.0 1.0 0.8888888888888888 0.8 
1.0 1.0 1.0 1.0 1.0 1.0 1.0 0.875 0.7777777777777778 0.7 
1.0 1.0 1.0 1.0 1.0 0.8333333333333334 0.7142857142857143 0.625 0.5555555555555556 0.5 
1.0 1.0 1.0 0.75 0.6 0.5 0.42857142857142855 0.375 0.3333333333333333 0.3 
1.0 1.0 1.0 1.0 1.0 1.0 1.0 0.875 0.7777777777777778 0.7 
1.0 1.0 1.0 1.0 0.8 0.6666666666666666 0.5714285714285714 0.5 0.4444444444444444 0.4 
1.0 1.0 1.0 1.0 1.0 1.0 1.0 1.0 1.0 0.9 
1.0 1.0 1.0 1.0 1.0 1.0 1.0 0.875 0.7777777777777778 0.7 
1.0 1.0 1.0 1.0 1.0 1.0 0.8571428571428571 0.75 0.6666666666666666 0.6 
1.0 1.0 1.0 1.0 1.0 1.0 0.8571428571428571 0.75 0.6666666666666666 0.6 
1.0 1.0 1.0 1.0 1.0 1.0 0.8571428571428571 0.75 0.6666666666666666 0.6 
1.0 1.0 1.0 1.0 1.0 0.8333333333333334 0.7142857142857143 0.625 0.5555555555555556 0.5 
1.0 1.0 1.0 1.0 1.0 1.0 1.0 0.875 0.7777777777777778 0.7 
1.0 1.0 1.0 1.0 1.0 0.8333333333333334 0.7142857142857143 0.625 0.5555555555555556 0.5 
1.0 1.0 1.0 1.0 1.0 1.0 1.0 0.875 0.7777777777777778 0.7 
1.0 1.0 1.0 1.0 1.0 1.0 0.8571428571428571 0.75 0.6666666666666666 0.6 
1.0 1.0 1.0 1.0 1.0 0.8333333333333334 0.7142857142857143 0.625 0.5555555555555556 0.5 
1.0 1.0 1.0 1.0 1.0 1.0 1.0 1.0 0.8888888888888888 0.8 
1.0 1.0 1.0 1.0 0.8 0.6666666666666666 0.5714285714285714 0.5 0.4444444444444444 0.4 
1.0 1.0 1.0 1.0 1.0 0.8333333333333334 0.7142857142857143 0.625 0.5555555555555556 0.5 
1.0 1.0 1.0 1.0 0.8 0.6666666666666666 0.5714285714285714 0.5 0.4444444444444444 0.4 
1.0 1.0 1.0 1.0 1.0 1.0 1.0 1.0 1.0 0.9 
1.0 1.0 1.0 1.0 1.0 1.0 1.0 1.0 1.0 0.9 
1.0 1.0 1.0 1.0 1.0 1.0 1.0 1.0 0.8888888888888888 0.8 
1.0 1.0 1.0 1.0 1.0 1.0 0.8571428571428571 0.75 0.6666666666666666 0.6 
1.0 1.0 1.0 1.0 1.0 1.0 1.0 0.875 0.7777777777777778 0.8 
1.0 1.0 1.0 1.0 1.0 1.0 1.0 0.875 0.7777777777777778 0.8 
1.0 1.0 1.0 1.0 0.8 0.6666666666666666 0.5714285714285714 0.5 0.4444444444444444 0.4 
1.0 1.0 1.0 1.0 1.0 1.0 1.0 0.875 0.7777777777777778 0.7 
1.0 1.0 1.0 1.0 1.0 1.0 1.0 0.875 0.7777777777777778 0.7 
1.0 1.0 1.0 1.0 0.8 0.6666666666666666 0.5714285714285714 0.5 0.4444444444444444 0.4 
1.0 1.0 1.0 1.0 1.0 1.0 0.8571428571428571 0.75 0.7777777777777778 0.7 
1.0 1.0 1.0 1.0 1.0 1.0 1.0 1.0 0.8888888888888888 0.8 
1.0 1.0 1.0 1.0 1.0 1.0 1.0 0.875 0.8888888888888888 0.8 
1.0 1.0 1.0 1.0 1.0 1.0 1.0 0.875 0.7777777777777778 0.7 
1.0 1.0 1.0 1.0 1.0 1.0 1.0 1.0 0.8888888888888888 0.8 
1.0 1.0 1.0 1.0 0.8 0.8333333333333334 0.8571428571428571 0.875 0.7777777777777778 0.7 
1.0 1.0 1.0 1.0 1.0 0.8333333333333334 0.8571428571428571 0.75 0.6666666666666666 0.6 
1.0 1.0 1.0 0.75 0.6 0.5 0.42857142857142855 0.375 0.3333333333333333 0.3 
1.0 1.0 1.0 1.0 1.0 1.0 1.0 1.0 0.8888888888888888 0.8 
1.0 1.0 1.0 1.0 1.0 1.0 1.0 0.875 0.7777777777777778 0.7 
1.0 1.0 1.0 1.0 1.0 1.0 1.0 1.0 0.8888888888888888 0.8 
1.0 1.0 1.0 1.0 1.0 1.0 1.0 1.0 0.8888888888888888 0.8 
1.0 1.0 1.0 1.0 1.0 1.0 1.0 1.0 0.8888888888888888 0.8 
1.0 1.0 1.0 1.0 1.0 1.0 1.0 1.0 0.8888888888888888 0.9 
1.0 1.0 1.0 1.0 1.0 1.0 0.8571428571428571 0.75 0.6666666666666666 0.6 
1.0 1.0 1.0 1.0 1.0 1.0 1.0 1.0 1.0 1.0 
1.0 1.0 1.0 1.0 1.0 1.0 1.0 0.875 0.7777777777777778 0.7 
1.0 1.0 1.0 1.0 1.0 1.0 1.0 1.0 0.8888888888888888 0.8 
1.0 1.0 1.0 1.0 1.0 0.8333333333333334 0.7142857142857143 0.625 0.5555555555555556 0.5 
1.0 1.0 1.0 1.0 1.0 1.0 1.0 0.875 0.7777777777777778 0.7 
1.0 1.0 1.0 1.0 1.0 1.0 0.8571428571428571 0.75 0.6666666666666666 0.6 
1.0 1.0 1.0 1.0 1.0 1.0 1.0 1.0 1.0 0.9 
1.0 1.0 1.0 1.0 1.0 0.8333333333333334 0.7142857142857143 0.625 0.5555555555555556 0.5 
1.0 1.0 1.0 1.0 1.0 1.0 1.0 1.0 1.0 0.9 
1.0 1.0 1.0 1.0 1.0 0.8333333333333334 0.7142857142857143 0.625 0.5555555555555556 0.5 
1.0 1.0 1.0 1.0 1.0 0.8333333333333334 0.7142857142857143 0.625 0.5555555555555556 0.5 
1.0 1.0 1.0 1.0 1.0 1.0 1.0 1.0 1.0 0.9 
1.0 1.0 1.0 1.0 1.0 1.0 1.0 1.0 1.0 1.0 
1.0 1.0 1.0 1.0 1.0 1.0 1.0 1.0 1.0 1.0 
1.0 1.0 1.0 1.0 1.0 0.8333333333333334 0.7142857142857143 0.625 0.5555555555555556 0.5 
1.0 1.0 1.0 1.0 1.0 1.0 1.0 1.0 0.8888888888888888 0.9 
1.0 1.0 1.0 1.0 1.0 1.0 0.8571428571428571 0.75 0.6666666666666666 0.6 
1.0 1.0 1.0 1.0 1.0 1.0 1.0 1.0 1.0 1.0 
1.0 1.0 1.0 1.0 1.0 1.0 1.0 0.875 0.8888888888888888 0.8 
1.0 1.0 1.0 1.0 1.0 1.0 1.0 0.875 0.7777777777777778 0.7 
1.0 1.0 1.0 1.0 1.0 1.0 1.0 1.0 0.8888888888888888 0.8 
1.0 1.0 1.0 1.0 1.0 1.0 1.0 1.0 1.0 0.9 
1.0 1.0 1.0 1.0 0.8 0.6666666666666666 0.5714285714285714 0.5 0.4444444444444444 0.4 
1.0 1.0 1.0 1.0 1.0 1.0 1.0 1.0 0.8888888888888888 0.8 
1.0 1.0 1.0 1.0 1.0 1.0 1.0 0.875 0.7777777777777778 0.8 
1.0 1.0 1.0 1.0 1.0 1.0 1.0 1.0 0.8888888888888888 0.9 
1.0 1.0 1.0 1.0 1.0 1.0 1.0 1.0 0.8888888888888888 0.8 
1.0 1.0 1.0 1.0 1.0 1.0 1.0 0.875 0.7777777777777778 0.7 
1.0 1.0 1.0 1.0 1.0 1.0 1.0 1.0 0.8888888888888888 0.8 

recall@ results:
0.1 0.2 0.3 0.4 0.5 0.6 0.7 0.8 0.9 1.0 
0.14285714285714285 0.2857142857142857 0.42857142857142855 0.5714285714285714 0.7142857142857143 0.8571428571428571 0.8571428571428571 1.0 1.0 1.0 
0.14285714285714285 0.2857142857142857 0.42857142857142855 0.5714285714285714 0.7142857142857143 0.8571428571428571 0.8571428571428571 0.8571428571428571 1.0 1.0 
0.125 0.25 0.375 0.5 0.625 0.75 0.875 1.0 1.0 1.0 
0.2 0.4 0.6 0.8 1.0 1.0 1.0 1.0 1.0 1.0 
0.1 0.2 0.3 0.4 0.5 0.6 0.7 0.8 0.9 1.0 
0.1 0.2 0.3 0.4 0.5 0.6 0.7 0.8 0.9 1.0 
0.1111111111111111 0.2222222222222222 0.3333333333333333 0.4444444444444444 0.5555555555555556 0.6666666666666666 0.7777777777777778 0.8888888888888888 0.8888888888888888 1.0 
0.1111111111111111 0.2222222222222222 0.3333333333333333 0.4444444444444444 0.5555555555555556 0.6666666666666666 0.7777777777777778 0.8888888888888888 1.0 1.0 
0.125 0.25 0.375 0.5 0.625 0.75 0.875 0.875 1.0 1.0 
0.2 0.4 0.6 0.8 0.8 0.8 1.0 1.0 1.0 1.0 
0.14285714285714285 0.2857142857142857 0.42857142857142855 0.5714285714285714 0.7142857142857143 0.8571428571428571 1.0 1.0 1.0 1.0 
0.2 0.4 0.6 0.8 1.0 1.0 1.0 1.0 1.0 1.0 
0.14285714285714285 0.2857142857142857 0.42857142857142855 0.5714285714285714 0.7142857142857143 0.8571428571428571 1.0 1.0 1.0 1.0 
0.2 0.4 0.6 0.8 1.0 1.0 1.0 1.0 1.0 1.0 
0.1111111111111111 0.2222222222222222 0.3333333333333333 0.4444444444444444 0.5555555555555556 0.6666666666666666 0.7777777777777778 0.8888888888888888 0.8888888888888888 1.0 
0.3333333333333333 0.6666666666666666 1.0 1.0 1.0 1.0 1.0 1.0 1.0 1.0 
0.16666666666666666 0.3333333333333333 0.5 0.6666666666666666 0.8333333333333334 1.0 1.0 1.0 1.0 1.0 
0.1111111111111111 0.2222222222222222 0.3333333333333333 0.4444444444444444 0.5555555555555556 0.6666666666666666 0.7777777777777778 0.8888888888888888 1.0 1.0 
0.14285714285714285 0.2857142857142857 0.42857142857142855 0.5714285714285714 0.7142857142857143 0.8571428571428571 1.0 1.0 1.0 1.0 
0.14285714285714285 0.2857142857142857 0.42857142857142855 0.5714285714285714 0.7142857142857143 0.8571428571428571 1.0 1.0 1.0 1.0 
0.1111111111111111 0.2222222222222222 0.3333333333333333 0.4444444444444444 0.5555555555555556 0.6666666666666666 0.7777777777777778 0.8888888888888888 0.8888888888888888 1.0 
0.25 0.5 0.75 1.0 1.0 1.0 1.0 1.0 1.0 1.0 
0.16666666666666666 0.3333333333333333 0.5 0.6666666666666666 0.8333333333333334 1.0 1.0 1.0 1.0 1.0 
0.125 0.25 0.375 0.5 0.625 0.75 0.875 1.0 1.0 1.0 
0.14285714285714285 0.2857142857142857 0.42857142857142855 0.5714285714285714 0.7142857142857143 0.8571428571428571 1.0 1.0 1.0 1.0 
0.2 0.4 0.6 0.8 1.0 1.0 1.0 1.0 1.0 1.0 
0.3333333333333333 0.6666666666666666 1.0 1.0 1.0 1.0 1.0 1.0 1.0 1.0 
0.14285714285714285 0.2857142857142857 0.42857142857142855 0.5714285714285714 0.7142857142857143 0.8571428571428571 1.0 1.0 1.0 1.0 
0.25 0.5 0.75 1.0 1.0 1.0 1.0 1.0 1.0 1.0 
0.1111111111111111 0.2222222222222222 0.3333333333333333 0.4444444444444444 0.5555555555555556 0.6666666666666666 0.7777777777777778 0.8888888888888888 1.0 1.0 
0.14285714285714285 0.2857142857142857 0.42857142857142855 0.5714285714285714 0.7142857142857143 0.8571428571428571 1.0 1.0 1.0 1.0 
0.16666666666666666 0.3333333333333333 0.5 0.6666666666666666 0.8333333333333334 1.0 1.0 1.0 1.0 1.0 
0.16666666666666666 0.3333333333333333 0.5 0.6666666666666666 0.8333333333333334 1.0 1.0 1.0 1.0 1.0 
0.16666666666666666 0.3333333333333333 0.5 0.6666666666666666 0.8333333333333334 1.0 1.0 1.0 1.0 1.0 
0.2 0.4 0.6 0.8 1.0 1.0 1.0 1.0 1.0 1.0 
0.14285714285714285 0.2857142857142857 0.42857142857142855 0.5714285714285714 0.7142857142857143 0.8571428571428571 1.0 1.0 1.0 1.0 
0.2 0.4 0.6 0.8 1.0 1.0 1.0 1.0 1.0 1.0 
0.14285714285714285 0.2857142857142857 0.42857142857142855 0.5714285714285714 0.7142857142857143 0.8571428571428571 1.0 1.0 1.0 1.0 
0.16666666666666666 0.3333333333333333 0.5 0.6666666666666666 0.8333333333333334 1.0 1.0 1.0 1.0 1.0 
0.2 0.4 0.6 0.8 1.0 1.0 1.0 1.0 1.0 1.0 
0.125 0.25 0.375 0.5 0.625 0.75 0.875 1.0 1.0 1.0 
0.25 0.5 0.75 1.0 1.0 1.0 1.0 1.0 1.0 1.0 
0.2 0.4 0.6 0.8 1.0 1.0 1.0 1.0 1.0 1.0 
0.25 0.5 0.75 1.0 1.0 1.0 1.0 1.0 1.0 1.0 
0.1111111111111111 0.2222222222222222 0.3333333333333333 0.4444444444444444 0.5555555555555556 0.6666666666666666 0.7777777777777778 0.8888888888888888 1.0 1.0 
0.1111111111111111 0.2222222222222222 0.3333333333333333 0.4444444444444444 0.5555555555555556 0.6666666666666666 0.7777777777777778 0.8888888888888888 1.0 1.0 
0.125 0.25 0.375 0.5 0.625 0.75 0.875 1.0 1.0 1.0 
0.16666666666666666 0.3333333333333333 0.5 0.6666666666666666 0.8333333333333334 1.0 1.0 1.0 1.0 1.0 
0.125 0.25 0.375 0.5 0.625 0.75 0.875 0.875 0.875 1.0 
0.125 0.25 0.375 0.5 0.625 0.75 0.875 0.875 0.875 1.0 
0.25 0.5 0.75 1.0 1.0 1.0 1.0 1.0 1.0 1.0 
0.14285714285714285 0.2857142857142857 0.42857142857142855 0.5714285714285714 0.7142857142857143 0.8571428571428571 1.0 1.0 1.0 1.0 
0.14285714285714285 0.2857142857142857 0.42857142857142855 0.5714285714285714 0.7142857142857143 0.8571428571428571 1.0 1.0 1.0 1.0 
0.25 0.5 0.75 1.0 1.0 1.0 1.0 1.0 1.0 1.0 
0.14285714285714285 0.2857142857142857 0.42857142857142855 0.5714285714285714 0.7142857142857143 0.8571428571428571 0.8571428571428571 0.8571428571428571 1.0 1.0 
0.125 0.25 0.375 0.5 0.625 0.75 0.875 1.0 1.0 1.0 
0.125 0.25 0.375 0.5 0.625 0.75 0.875 0.875 1.0 1.0 
0.14285714285714285 0.2857142857142857 0.42857142857142855 0.5714285714285714 0.7142857142857143 0.8571428571428571 1.0 1.0 1.0 1.0 
0.125 0.25 0.375 0.5 0.625 0.75 0.875 1.0 1.0 1.0 
0.14285714285714285 0.2857142857142857 0.42857142857142855 0.5714285714285714 0.5714285714285714 0.7142857142857143 0.8571428571428571 1.0 1.0 1.0 
0.16666666666666666 0.3333333333333333 0.5 0.6666666666666666 0.8333333333333334 0.8333333333333334 1.0 1.0 1.0 1.0 
0.3333333333333333 0.6666666666666666 1.0 1.0 1.0 1.0 1.0 1.0 1.0 1.0 
0.125 0.25 0.375 0.5 0.625 0.75 0.875 1.0 1.0 1.0 
0.14285714285714285 0.2857142857142857 0.42857142857142855 0.5714285714285714 0.7142857142857143 0.8571428571428571 1.0 1.0 1.0 1.0 
0.125 0.25 0.375 0.5 0.625 0.75 0.875 1.0 1.0 1.0 
0.125 0.25 0.375 0.5 0.625 0.75 0.875 1.0 1.0 1.0 
0.125 0.25 0.375 0.5 0.625 0.75 0.875 1.0 1.0 1.0 
0.1111111111111111 0.2222222222222222 0.3333333333333333 0.4444444444444444 0.5555555555555556 0.6666666666666666 0.7777777777777778 0.8888888888888888 0.8888888888888888 1.0 
0.16666666666666666 0.3333333333333333 0.5 0.6666666666666666 0.8333333333333334 1.0 1.0 1.0 1.0 1.0 
0.1 0.2 0.3 0.4 0.5 0.6 0.7 0.8 0.9 1.0 
0.14285714285714285 0.2857142857142857 0.42857142857142855 0.5714285714285714 0.7142857142857143 0.8571428571428571 1.0 1.0 1.0 1.0 
0.125 0.25 0.375 0.5 0.625 0.75 0.875 1.0 1.0 1.0 
0.2 0.4 0.6 0.8 1.0 1.0 1.0 1.0 1.0 1.0 
0.14285714285714285 0.2857142857142857 0.42857142857142855 0.5714285714285714 0.7142857142857143 0.8571428571428571 1.0 1.0 1.0 1.0 
0.16666666666666666 0.3333333333333333 0.5 0.6666666666666666 0.8333333333333334 1.0 1.0 1.0 1.0 1.0 
0.1111111111111111 0.2222222222222222 0.3333333333333333 0.4444444444444444 0.5555555555555556 0.6666666666666666 0.7777777777777778 0.8888888888888888 1.0 1.0 
0.2 0.4 0.6 0.8 1.0 1.0 1.0 1.0 1.0 1.0 
0.1111111111111111 0.2222222222222222 0.3333333333333333 0.4444444444444444 0.5555555555555556 0.6666666666666666 0.7777777777777778 0.8888888888888888 1.0 1.0 
0.2 0.4 0.6 0.8 1.0 1.0 1.0 1.0 1.0 1.0 
0.2 0.4 0.6 0.8 1.0 1.0 1.0 1.0 1.0 1.0 
0.1111111111111111 0.2222222222222222 0.3333333333333333 0.4444444444444444 0.5555555555555556 0.6666666666666666 0.7777777777777778 0.8888888888888888 1.0 1.0 
0.1 0.2 0.3 0.4 0.5 0.6 0.7 0.8 0.9 1.0 
0.1 0.2 0.3 0.4 0.5 0.6 0.7 0.8 0.9 1.0 
0.2 0.4 0.6 0.8 1.0 1.0 1.0 1.0 1.0 1.0 
0.1111111111111111 0.2222222222222222 0.3333333333333333 0.4444444444444444 0.5555555555555556 0.6666666666666666 0.7777777777777778 0.8888888888888888 0.8888888888888888 1.0 
0.16666666666666666 0.3333333333333333 0.5 0.6666666666666666 0.8333333333333334 1.0 1.0 1.0 1.0 1.0 
0.1 0.2 0.3 0.4 0.5 0.6 0.7 0.8 0.9 1.0 
0.125 0.25 0.375 0.5 0.625 0.75 0.875 0.875 1.0 1.0 
0.14285714285714285 0.2857142857142857 0.42857142857142855 0.5714285714285714 0.7142857142857143 0.8571428571428571 1.0 1.0 1.0 1.0 
0.125 0.25 0.375 0.5 0.625 0.75 0.875 1.0 1.0 1.0 
0.1111111111111111 0.2222222222222222 0.3333333333333333 0.4444444444444444 0.5555555555555556 0.6666666666666666 0.7777777777777778 0.8888888888888888 1.0 1.0 
0.25 0.5 0.75 1.0 1.0 1.0 1.0 1.0 1.0 1.0 
0.125 0.25 0.375 0.5 0.625 0.75 0.875 1.0 1.0 1.0 
0.125 0.25 0.375 0.5 0.625 0.75 0.875 0.875 0.875 1.0 
0.1111111111111111 0.2222222222222222 0.3333333333333333 0.4444444444444444 0.5555555555555556 0.6666666666666666 0.7777777777777778 0.8888888888888888 0.8888888888888888 1.0 
0.125 0.25 0.375 0.5 0.625 0.75 0.875 1.0 1.0 1.0 
0.14285714285714285 0.2857142857142857 0.42857142857142855 0.5714285714285714 0.7142857142857143 0.8571428571428571 1.0 1.0 1.0 1.0 
0.125 0.25 0.375 0.5 0.625 0.75 0.875 1.0 1.0 1.0 

f1@ results:
0.18181818181818182 0.33333333333333337 0.4615384615384615 0.5714285714285715 0.6666666666666666 0.7499999999999999 0.8235294117647058 0.888888888888889 0.9473684210526316 1.0 
0.25 0.4444444444444445 0.6 0.7272727272727273 0.8333333333333333 0.923076923076923 0.8571428571428571 0.9333333333333333 0.8750000000000001 0.8235294117647058 
0.25 0.4444444444444445 0.6 0.7272727272727273 0.8333333333333333 0.923076923076923 0.8571428571428571 0.7999999999999999 0.8750000000000001 0.8235294117647058 
0.2222222222222222 0.4 0.5454545454545454 0.6666666666666666 0.7692307692307693 0.8571428571428571 0.9333333333333333 1.0 0.9411764705882353 0.888888888888889 
0.33333333333333337 0.5714285714285715 0.7499999999999999 0.888888888888889 1.0 0.9090909090909091 0.8333333333333333 0.7692307692307693 0.7142857142857143 0.6666666666666666 
0.18181818181818182 0.33333333333333337 0.4615384615384615 0.5714285714285715 0.6666666666666666 0.7499999999999999 0.8235294117647058 0.888888888888889 0.9473684210526316 1.0 
0.18181818181818182 0.33333333333333337 0.4615384615384615 0.5714285714285715 0.6666666666666666 0.7499999999999999 0.8235294117647058 0.888888888888889 0.9473684210526316 1.0 
0.19999999999999998 0.3636363636363636 0.5 0.6153846153846153 0.7142857142857143 0.8 0.8750000000000001 0.9411764705882353 0.8888888888888888 0.9473684210526316 
0.19999999999999998 0.3636363636363636 0.5 0.6153846153846153 0.7142857142857143 0.8 0.8750000000000001 0.9411764705882353 1.0 0.9473684210526316 
0.2222222222222222 0.4 0.5454545454545454 0.6666666666666666 0.7692307692307693 0.8571428571428571 0.9333333333333333 0.875 0.9411764705882353 0.888888888888889 
0.33333333333333337 0.5714285714285715 0.7499999999999999 0.888888888888889 0.8000000000000002 0.7272727272727272 0.8333333333333333 0.7692307692307693 0.7142857142857143 0.6666666666666666 
0.25 0.4444444444444445 0.6 0.7272727272727273 0.8333333333333333 0.923076923076923 1.0 0.9333333333333333 0.8750000000000001 0.8235294117647058 
0.33333333333333337 0.5714285714285715 0.7499999999999999 0.888888888888889 1.0 0.9090909090909091 0.8333333333333333 0.7692307692307693 0.7142857142857143 0.6666666666666666 
0.25 0.4444444444444445 0.6 0.7272727272727273 0.8333333333333333 0.923076923076923 1.0 0.9333333333333333 0.8750000000000001 0.8235294117647058 
0.33333333333333337 0.5714285714285715 0.7499999999999999 0.888888888888889 1.0 0.9090909090909091 0.8333333333333333 0.7692307692307693 0.7142857142857143 0.6666666666666666 
0.19999999999999998 0.3636363636363636 0.5 0.6153846153846153 0.7142857142857143 0.8 0.8750000000000001 0.9411764705882353 0.8888888888888888 0.9473684210526316 
0.5 0.8 1.0 0.8571428571428571 0.7499999999999999 0.6666666666666666 0.6 0.5454545454545454 0.5 0.4615384615384615 
0.2857142857142857 0.5 0.6666666666666666 0.8 0.9090909090909091 1.0 0.923076923076923 0.8571428571428571 0.8 0.7499999999999999 
0.19999999999999998 0.3636363636363636 0.5 0.6153846153846153 0.7142857142857143 0.8 0.8750000000000001 0.9411764705882353 1.0 0.9473684210526316 
0.25 0.4444444444444445 0.6 0.7272727272727273 0.8333333333333333 0.923076923076923 1.0 0.9333333333333333 0.8750000000000001 0.8235294117647058 
0.25 0.4444444444444445 0.6 0.7272727272727273 0.8333333333333333 0.923076923076923 1.0 0.9333333333333333 0.8750000000000001 0.8235294117647058 
0.19999999999999998 0.3636363636363636 0.5 0.6153846153846153 0.7142857142857143 0.8 0.8750000000000001 0.9411764705882353 0.8888888888888888 0.9473684210526316 
0.4 0.6666666666666666 0.8571428571428571 1.0 0.888888888888889 0.8 0.7272727272727273 0.6666666666666666 0.6153846153846153 0.5714285714285715 
0.2857142857142857 0.5 0.6666666666666666 0.8 0.9090909090909091 1.0 0.923076923076923 0.8571428571428571 0.8 0.7499999999999999 
0.2222222222222222 0.4 0.5454545454545454 0.6666666666666666 0.7692307692307693 0.8571428571428571 0.9333333333333333 1.0 0.9411764705882353 0.888888888888889 
0.25 0.4444444444444445 0.6 0.7272727272727273 0.8333333333333333 0.923076923076923 1.0 0.9333333333333333 0.8750000000000001 0.8235294117647058 
0.33333333333333337 0.5714285714285715 0.7499999999999999 0.888888888888889 1.0 0.9090909090909091 0.8333333333333333 0.7692307692307693 0.7142857142857143 0.6666666666666666 
0.5 0.8 1.0 0.8571428571428571 0.7499999999999999 0.6666666666666666 0.6 0.5454545454545454 0.5 0.4615384615384615 
0.25 0.4444444444444445 0.6 0.7272727272727273 0.8333333333333333 0.923076923076923 1.0 0.9333333333333333 0.8750000000000001 0.8235294117647058 
0.4 0.6666666666666666 0.8571428571428571 1.0 0.888888888888889 0.8 0.7272727272727273 0.6666666666666666 0.6153846153846153 0.5714285714285715 
0.19999999999999998 0.3636363636363636 0.5 0.6153846153846153 0.7142857142857143 0.8 0.8750000000000001 0.9411764705882353 1.0 0.9473684210526316 
0.25 0.4444444444444445 0.6 0.7272727272727273 0.8333333333333333 0.923076923076923 1.0 0.9333333333333333 0.8750000000000001 0.8235294117647058 
0.2857142857142857 0.5 0.6666666666666666 0.8 0.9090909090909091 1.0 0.923076923076923 0.8571428571428571 0.8 0.7499999999999999 
0.2857142857142857 0.5 0.6666666666666666 0.8 0.9090909090909091 1.0 0.923076923076923 0.8571428571428571 0.8 0.7499999999999999 
0.2857142857142857 0.5 0.6666666666666666 0.8 0.9090909090909091 1.0 0.923076923076923 0.8571428571428571 0.8 0.7499999999999999 
0.33333333333333337 0.5714285714285715 0.7499999999999999 0.888888888888889 1.0 0.9090909090909091 0.8333333333333333 0.7692307692307693 0.7142857142857143 0.6666666666666666 
0.25 0.4444444444444445 0.6 0.7272727272727273 0.8333333333333333 0.923076923076923 1.0 0.9333333333333333 0.8750000000000001 0.8235294117647058 
0.33333333333333337 0.5714285714285715 0.7499999999999999 0.888888888888889 1.0 0.9090909090909091 0.8333333333333333 0.7692307692307693 0.7142857142857143 0.6666666666666666 
0.25 0.4444444444444445 0.6 0.7272727272727273 0.8333333333333333 0.923076923076923 1.0 0.9333333333333333 0.8750000000000001 0.8235294117647058 
0.2857142857142857 0.5 0.6666666666666666 0.8 0.9090909090909091 1.0 0.923076923076923 0.8571428571428571 0.8 0.7499999999999999 
0.33333333333333337 0.5714285714285715 0.7499999999999999 0.888888888888889 1.0 0.9090909090909091 0.8333333333333333 0.7692307692307693 0.7142857142857143 0.6666666666666666 
0.2222222222222222 0.4 0.5454545454545454 0.6666666666666666 0.7692307692307693 0.8571428571428571 0.9333333333333333 1.0 0.9411764705882353 0.888888888888889 
0.4 0.6666666666666666 0.8571428571428571 1.0 0.888888888888889 0.8 0.7272727272727273 0.6666666666666666 0.6153846153846153 0.5714285714285715 
0.33333333333333337 0.5714285714285715 0.7499999999999999 0.888888888888889 1.0 0.9090909090909091 0.8333333333333333 0.7692307692307693 0.7142857142857143 0.6666666666666666 
0.4 0.6666666666666666 0.8571428571428571 1.0 0.888888888888889 0.8 0.7272727272727273 0.6666666666666666 0.6153846153846153 0.5714285714285715 
0.19999999999999998 0.3636363636363636 0.5 0.6153846153846153 0.7142857142857143 0.8 0.8750000000000001 0.9411764705882353 1.0 0.9473684210526316 
0.19999999999999998 0.3636363636363636 0.5 0.6153846153846153 0.7142857142857143 0.8 0.8750000000000001 0.9411764705882353 1.0 0.9473684210526316 
0.2222222222222222 0.4 0.5454545454545454 0.6666666666666666 0.7692307692307693 0.8571428571428571 0.9333333333333333 1.0 0.9411764705882353 0.888888888888889 
0.2857142857142857 0.5 0.6666666666666666 0.8 0.9090909090909091 1.0 0.923076923076923 0.8571428571428571 0.8 0.7499999999999999 
0.2222222222222222 0.4 0.5454545454545454 0.6666666666666666 0.7692307692307693 0.8571428571428571 0.9333333333333333 0.875 0.823529411764706 0.888888888888889 
0.2222222222222222 0.4 0.5454545454545454 0.6666666666666666 0.7692307692307693 0.8571428571428571 0.9333333333333333 0.875 0.823529411764706 0.888888888888889 
0.4 0.6666666666666666 0.8571428571428571 1.0 0.888888888888889 0.8 0.7272727272727273 0.6666666666666666 0.6153846153846153 0.5714285714285715 
0.25 0.4444444444444445 0.6 0.7272727272727273 0.8333333333333333 0.923076923076923 1.0 0.9333333333333333 0.8750000000000001 0.8235294117647058 
0.25 0.4444444444444445 0.6 0.7272727272727273 0.8333333333333333 0.923076923076923 1.0 0.9333333333333333 0.8750000000000001 0.8235294117647058 
0.4 0.6666666666666666 0.8571428571428571 1.0 0.888888888888889 0.8 0.7272727272727273 0.6666666666666666 0.6153846153846153 0.5714285714285715 
0.25 0.4444444444444445 0.6 0.7272727272727273 0.8333333333333333 0.923076923076923 0.8571428571428571 0.7999999999999999 0.8750000000000001 0.8235294117647058 
0.2222222222222222 0.4 0.5454545454545454 0.6666666666666666 0.7692307692307693 0.8571428571428571 0.9333333333333333 1.0 0.9411764705882353 0.888888888888889 
0.2222222222222222 0.4 0.5454545454545454 0.6666666666666666 0.7692307692307693 0.8571428571428571 0.9333333333333333 0.875 0.9411764705882353 0.888888888888889 
0.25 0.4444444444444445 0.6 0.7272727272727273 0.8333333333333333 0.923076923076923 1.0 0.9333333333333333 0.8750000000000001 0.8235294117647058 
0.2222222222222222 0.4 0.5454545454545454 0.6666666666666666 0.7692307692307693 0.8571428571428571 0.9333333333333333 1.0 0.9411764705882353 0.888888888888889 
0.25 0.4444444444444445 0.6 0.7272727272727273 0.6666666666666666 0.7692307692307692 0.8571428571428571 0.9333333333333333 0.8750000000000001 0.8235294117647058 
0.2857142857142857 0.5 0.6666666666666666 0.8 0.9090909090909091 0.8333333333333334 0.923076923076923 0.8571428571428571 0.8 0.7499999999999999 
0.5 0.8 1.0 0.8571428571428571 0.7499999999999999 0.6666666666666666 0.6 0.5454545454545454 0.5 0.4615384615384615 
0.2222222222222222 0.4 0.5454545454545454 0.6666666666666666 0.7692307692307693 0.8571428571428571 0.9333333333333333 1.0 0.9411764705882353 0.888888888888889 
0.25 0.4444444444444445 0.6 0.7272727272727273 0.8333333333333333 0.923076923076923 1.0 0.9333333333333333 0.8750000000000001 0.8235294117647058 
0.2222222222222222 0.4 0.5454545454545454 0.6666666666666666 0.7692307692307693 0.8571428571428571 0.9333333333333333 1.0 0.9411764705882353 0.888888888888889 
0.2222222222222222 0.4 0.5454545454545454 0.6666666666666666 0.7692307692307693 0.8571428571428571 0.9333333333333333 1.0 0.9411764705882353 0.888888888888889 
0.2222222222222222 0.4 0.5454545454545454 0.6666666666666666 0.7692307692307693 0.8571428571428571 0.9333333333333333 1.0 0.9411764705882353 0.888888888888889 
0.19999999999999998 0.3636363636363636 0.5 0.6153846153846153 0.7142857142857143 0.8 0.8750000000000001 0.9411764705882353 0.8888888888888888 0.9473684210526316 
0.2857142857142857 0.5 0.6666666666666666 0.8 0.9090909090909091 1.0 0.923076923076923 0.8571428571428571 0.8 0.7499999999999999 
0.18181818181818182 0.33333333333333337 0.4615384615384615 0.5714285714285715 0.6666666666666666 0.7499999999999999 0.8235294117647058 0.888888888888889 0.9473684210526316 1.0 
0.25 0.4444444444444445 0.6 0.7272727272727273 0.8333333333333333 0.923076923076923 1.0 0.9333333333333333 0.8750000000000001 0.8235294117647058 
0.2222222222222222 0.4 0.5454545454545454 0.6666666666666666 0.7692307692307693 0.8571428571428571 0.9333333333333333 1.0 0.9411764705882353 0.888888888888889 
0.33333333333333337 0.5714285714285715 0.7499999999999999 0.888888888888889 1.0 0.9090909090909091 0.8333333333333333 0.7692307692307693 0.7142857142857143 0.6666666666666666 
0.25 0.4444444444444445 0.6 0.7272727272727273 0.8333333333333333 0.923076923076923 1.0 0.9333333333333333 0.8750000000000001 0.8235294117647058 
0.2857142857142857 0.5 0.6666666666666666 0.8 0.9090909090909091 1.0 0.923076923076923 0.8571428571428571 0.8 0.7499999999999999 
0.19999999999999998 0.3636363636363636 0.5 0.6153846153846153 0.7142857142857143 0.8 0.8750000000000001 0.9411764705882353 1.0 0.9473684210526316 
0.33333333333333337 0.5714285714285715 0.7499999999999999 0.888888888888889 1.0 0.9090909090909091 0.8333333333333333 0.7692307692307693 0.7142857142857143 0.6666666666666666 
0.19999999999999998 0.3636363636363636 0.5 0.6153846153846153 0.7142857142857143 0.8 0.8750000000000001 0.9411764705882353 1.0 0.9473684210526316 
0.33333333333333337 0.5714285714285715 0.7499999999999999 0.888888888888889 1.0 0.9090909090909091 0.8333333333333333 0.7692307692307693 0.7142857142857143 0.6666666666666666 
0.33333333333333337 0.5714285714285715 0.7499999999999999 0.888888888888889 1.0 0.9090909090909091 0.8333333333333333 0.7692307692307693 0.7142857142857143 0.6666666666666666 
0.19999999999999998 0.3636363636363636 0.5 0.6153846153846153 0.7142857142857143 0.8 0.8750000000000001 0.9411764705882353 1.0 0.9473684210526316 
0.18181818181818182 0.33333333333333337 0.4615384615384615 0.5714285714285715 0.6666666666666666 0.7499999999999999 0.8235294117647058 0.888888888888889 0.9473684210526316 1.0 
0.18181818181818182 0.33333333333333337 0.4615384615384615 0.5714285714285715 0.6666666666666666 0.7499999999999999 0.8235294117647058 0.888888888888889 0.9473684210526316 1.0 
0.33333333333333337 0.5714285714285715 0.7499999999999999 0.888888888888889 1.0 0.9090909090909091 0.8333333333333333 0.7692307692307693 0.7142857142857143 0.6666666666666666 
0.19999999999999998 0.3636363636363636 0.5 0.6153846153846153 0.7142857142857143 0.8 0.8750000000000001 0.9411764705882353 0.8888888888888888 0.9473684210526316 
0.2857142857142857 0.5 0.6666666666666666 0.8 0.9090909090909091 1.0 0.923076923076923 0.8571428571428571 0.8 0.7499999999999999 
0.18181818181818182 0.33333333333333337 0.4615384615384615 0.5714285714285715 0.6666666666666666 0.7499999999999999 0.8235294117647058 0.888888888888889 0.9473684210526316 1.0 
0.2222222222222222 0.4 0.5454545454545454 0.6666666666666666 0.7692307692307693 0.8571428571428571 0.9333333333333333 0.875 0.9411764705882353 0.888888888888889 
0.25 0.4444444444444445 0.6 0.7272727272727273 0.8333333333333333 0.923076923076923 1.0 0.9333333333333333 0.8750000000000001 0.8235294117647058 
0.2222222222222222 0.4 0.5454545454545454 0.6666666666666666 0.7692307692307693 0.8571428571428571 0.9333333333333333 1.0 0.9411764705882353 0.888888888888889 
0.19999999999999998 0.3636363636363636 0.5 0.6153846153846153 0.7142857142857143 0.8 0.8750000000000001 0.9411764705882353 1.0 0.9473684210526316 
0.4 0.6666666666666666 0.8571428571428571 1.0 0.888888888888889 0.8 0.7272727272727273 0.6666666666666666 0.6153846153846153 0.5714285714285715 
0.2222222222222222 0.4 0.5454545454545454 0.6666666666666666 0.7692307692307693 0.8571428571428571 0.9333333333333333 1.0 0.9411764705882353 0.888888888888889 
0.2222222222222222 0.4 0.5454545454545454 0.6666666666666666 0.7692307692307693 0.8571428571428571 0.9333333333333333 0.875 0.823529411764706 0.888888888888889 
0.19999999999999998 0.3636363636363636 0.5 0.6153846153846153 0.7142857142857143 0.8 0.8750000000000001 0.9411764705882353 0.8888888888888888 0.9473684210526316 
0.2222222222222222 0.4 0.5454545454545454 0.6666666666666666 0.7692307692307693 0.8571428571428571 0.9333333333333333 1.0 0.9411764705882353 0.888888888888889 
0.25 0.4444444444444445 0.6 0.7272727272727273 0.8333333333333333 0.923076923076923 1.0 0.9333333333333333 0.8750000000000001 0.8235294117647058 
0.2222222222222222 0.4 0.5454545454545454 0.6666666666666666 0.7692307692307693 0.8571428571428571 0.9333333333333333 1.0 0.9411764705882353 0.888888888888889 

f0.5@ results:
0.35714285714285715 0.5555555555555556 0.6818181818181818 0.7692307692307692 0.8333333333333334 0.8823529411764706 0.9210526315789475 0.9523809523809523 0.9782608695652175 1.0 
0.4545454545454545 0.6666666666666666 0.7894736842105262 0.8695652173913042 0.9259259259259259 0.9677419354838709 0.8571428571428571 0.8974358974358975 0.813953488372093 0.7446808510638298 
0.4545454545454545 0.6666666666666666 0.7894736842105262 0.8695652173913042 0.9259259259259259 0.9677419354838709 0.8571428571428571 0.7692307692307692 0.813953488372093 0.7446808510638298 
0.4166666666666667 0.625 0.75 0.8333333333333334 0.8928571428571429 0.9375 0.9722222222222222 1.0 0.9090909090909091 0.8333333333333334 
0.5555555555555556 0.7692307692307692 0.8823529411764706 0.9523809523809523 1.0 0.8620689655172415 0.7575757575757576 0.6756756756756757 0.6097560975609756 0.5555555555555556 
0.35714285714285715 0.5555555555555556 0.6818181818181818 0.7692307692307692 0.8333333333333334 0.8823529411764706 0.9210526315789475 0.9523809523809523 0.9782608695652175 1.0 
0.35714285714285715 0.5555555555555556 0.6818181818181818 0.7692307692307692 0.8333333333333334 0.8823529411764706 0.9210526315789475 0.9523809523809523 0.9782608695652175 1.0 
0.38461538461538464 0.5882352941176471 0.7142857142857143 0.8 0.8620689655172413 0.9090909090909091 0.945945945945946 0.9756097560975611 0.8888888888888888 0.9183673469387754 
0.38461538461538464 0.5882352941176471 0.7142857142857143 0.8 0.8620689655172413 0.9090909090909091 0.945945945945946 0.9756097560975611 1.0 0.9183673469387754 
0.4166666666666667 0.625 0.75 0.8333333333333334 0.8928571428571429 0.9375 0.9722222222222222 0.875 0.9090909090909091 0.8333333333333334 
0.5555555555555556 0.7692307692307692 0.8823529411764706 0.9523809523809523 0.8 0.689655172413793 0.7575757575757576 0.6756756756756757 0.6097560975609756 0.5555555555555556 
0.4545454545454545 0.6666666666666666 0.7894736842105262 0.8695652173913042 0.9259259259259259 0.9677419354838709 1.0 0.8974358974358975 0.813953488372093 0.7446808510638298 
0.5555555555555556 0.7692307692307692 0.8823529411764706 0.9523809523809523 1.0 0.8620689655172415 0.7575757575757576 0.6756756756756757 0.6097560975609756 0.5555555555555556 
0.4545454545454545 0.6666666666666666 0.7894736842105262 0.8695652173913042 0.9259259259259259 0.9677419354838709 1.0 0.8974358974358975 0.813953488372093 0.7446808510638298 
0.5555555555555556 0.7692307692307692 0.8823529411764706 0.9523809523809523 1.0 0.8620689655172415 0.7575757575757576 0.6756756756756757 0.6097560975609756 0.5555555555555556 
0.38461538461538464 0.5882352941176471 0.7142857142857143 0.8 0.8620689655172413 0.9090909090909091 0.945945945945946 0.9756097560975611 0.8888888888888888 0.9183673469387754 
0.7142857142857143 0.9090909090909091 1.0 0.7894736842105263 0.6521739130434783 0.5555555555555556 0.48387096774193544 0.42857142857142855 0.3846153846153846 0.3488372093023256 
0.5 0.7142857142857143 0.8333333333333334 0.9090909090909091 0.9615384615384615 1.0 0.8823529411764707 0.7894736842105263 0.7142857142857142 0.6521739130434783 
0.38461538461538464 0.5882352941176471 0.7142857142857143 0.8 0.8620689655172413 0.9090909090909091 0.945945945945946 0.9756097560975611 1.0 0.9183673469387754 
0.4545454545454545 0.6666666666666666 0.7894736842105262 0.8695652173913042 0.9259259259259259 0.9677419354838709 1.0 0.8974358974358975 0.813953488372093 0.7446808510638298 
0.4545454545454545 0.6666666666666666 0.7894736842105262 0.8695652173913042 0.9259259259259259 0.9677419354838709 1.0 0.8974358974358975 0.813953488372093 0.7446808510638298 
0.38461538461538464 0.5882352941176471 0.7142857142857143 0.8 0.8620689655172413 0.9090909090909091 0.945945945945946 0.9756097560975611 0.8888888888888888 0.9183673469387754 
0.625 0.8333333333333334 0.9375 1.0 0.8333333333333334 0.7142857142857142 0.625 0.5555555555555556 0.5 0.45454545454545453 
0.5 0.7142857142857143 0.8333333333333334 0.9090909090909091 0.9615384615384615 1.0 0.8823529411764707 0.7894736842105263 0.7142857142857142 0.6521739130434783 
0.4166666666666667 0.625 0.75 0.8333333333333334 0.8928571428571429 0.9375 0.9722222222222222 1.0 0.9090909090909091 0.8333333333333334 
0.4545454545454545 0.6666666666666666 0.7894736842105262 0.8695652173913042 0.9259259259259259 0.9677419354838709 1.0 0.8974358974358975 0.813953488372093 0.7446808510638298 
0.5555555555555556 0.7692307692307692 0.8823529411764706 0.9523809523809523 1.0 0.8620689655172415 0.7575757575757576 0.6756756756756757 0.6097560975609756 0.5555555555555556 
0.7142857142857143 0.9090909090909091 1.0 0.7894736842105263 0.6521739130434783 0.5555555555555556 0.48387096774193544 0.42857142857142855 0.3846153846153846 0.3488372093023256 
0.4545454545454545 0.6666666666666666 0.7894736842105262 0.8695652173913042 0.9259259259259259 0.9677419354838709 1.0 0.8974358974358975 0.813953488372093 0.7446808510638298 
0.625 0.8333333333333334 0.9375 1.0 0.8333333333333334 0.7142857142857142 0.625 0.5555555555555556 0.5 0.45454545454545453 
0.38461538461538464 0.5882352941176471 0.7142857142857143 0.8 0.8620689655172413 0.9090909090909091 0.945945945945946 0.9756097560975611 1.0 0.9183673469387754 
0.4545454545454545 0.6666666666666666 0.7894736842105262 0.8695652173913042 0.9259259259259259 0.9677419354838709 1.0 0.8974358974358975 0.813953488372093 0.7446808510638298 
0.5 0.7142857142857143 0.8333333333333334 0.9090909090909091 0.9615384615384615 1.0 0.8823529411764707 0.7894736842105263 0.7142857142857142 0.6521739130434783 
0.5 0.7142857142857143 0.8333333333333334 0.9090909090909091 0.9615384615384615 1.0 0.8823529411764707 0.7894736842105263 0.7142857142857142 0.6521739130434783 
0.5 0.7142857142857143 0.8333333333333334 0.9090909090909091 0.9615384615384615 1.0 0.8823529411764707 0.7894736842105263 0.7142857142857142 0.6521739130434783 
0.5555555555555556 0.7692307692307692 0.8823529411764706 0.9523809523809523 1.0 0.8620689655172415 0.7575757575757576 0.6756756756756757 0.6097560975609756 0.5555555555555556 
0.4545454545454545 0.6666666666666666 0.7894736842105262 0.8695652173913042 0.9259259259259259 0.9677419354838709 1.0 0.8974358974358975 0.813953488372093 0.7446808510638298 
0.5555555555555556 0.7692307692307692 0.8823529411764706 0.9523809523809523 1.0 0.8620689655172415 0.7575757575757576 0.6756756756756757 0.6097560975609756 0.5555555555555556 
0.4545454545454545 0.6666666666666666 0.7894736842105262 0.8695652173913042 0.9259259259259259 0.9677419354838709 1.0 0.8974358974358975 0.813953488372093 0.7446808510638298 
0.5 0.7142857142857143 0.8333333333333334 0.9090909090909091 0.9615384615384615 1.0 0.8823529411764707 0.7894736842105263 0.7142857142857142 0.6521739130434783 
0.5555555555555556 0.7692307692307692 0.8823529411764706 0.9523809523809523 1.0 0.8620689655172415 0.7575757575757576 0.6756756756756757 0.6097560975609756 0.5555555555555556 
0.4166666666666667 0.625 0.75 0.8333333333333334 0.8928571428571429 0.9375 0.9722222222222222 1.0 0.9090909090909091 0.8333333333333334 
0.625 0.8333333333333334 0.9375 1.0 0.8333333333333334 0.7142857142857142 0.625 0.5555555555555556 0.5 0.45454545454545453 
0.5555555555555556 0.7692307692307692 0.8823529411764706 0.9523809523809523 1.0 0.8620689655172415 0.7575757575757576 0.6756756756756757 0.6097560975609756 0.5555555555555556 
0.625 0.8333333333333334 0.9375 1.0 0.8333333333333334 0.7142857142857142 0.625 0.5555555555555556 0.5 0.45454545454545453 
0.38461538461538464 0.5882352941176471 0.7142857142857143 0.8 0.8620689655172413 0.9090909090909091 0.945945945945946 0.9756097560975611 1.0 0.9183673469387754 
0.38461538461538464 0.5882352941176471 0.7142857142857143 0.8 0.8620689655172413 0.9090909090909091 0.945945945945946 0.9756097560975611 1.0 0.9183673469387754 
0.4166666666666667 0.625 0.75 0.8333333333333334 0.8928571428571429 0.9375 0.9722222222222222 1.0 0.9090909090909091 0.8333333333333334 
0.5 0.7142857142857143 0.8333333333333334 0.9090909090909091 0.9615384615384615 1.0 0.8823529411764707 0.7894736842105263 0.7142857142857142 0.6521739130434783 
0.4166666666666667 0.625 0.75 0.8333333333333334 0.8928571428571429 0.9375 0.9722222222222222 0.875 0.7954545454545454 0.8333333333333334 
0.4166666666666667 0.625 0.75 0.8333333333333334 0.8928571428571429 0.9375 0.9722222222222222 0.875 0.7954545454545454 0.8333333333333334 
0.625 0.8333333333333334 0.9375 1.0 0.8333333333333334 0.7142857142857142 0.625 0.5555555555555556 0.5 0.45454545454545453 
0.4545454545454545 0.6666666666666666 0.7894736842105262 0.8695652173913042 0.9259259259259259 0.9677419354838709 1.0 0.8974358974358975 0.813953488372093 0.7446808510638298 
0.4545454545454545 0.6666666666666666 0.7894736842105262 0.8695652173913042 0.9259259259259259 0.9677419354838709 1.0 0.8974358974358975 0.813953488372093 0.7446808510638298 
0.625 0.8333333333333334 0.9375 1.0 0.8333333333333334 0.7142857142857142 0.625 0.5555555555555556 0.5 0.45454545454545453 
0.4545454545454545 0.6666666666666666 0.7894736842105262 0.8695652173913042 0.9259259259259259 0.9677419354838709 0.8571428571428571 0.7692307692307692 0.813953488372093 0.7446808510638298 
0.4166666666666667 0.625 0.75 0.8333333333333334 0.8928571428571429 0.9375 0.9722222222222222 1.0 0.9090909090909091 0.8333333333333334 
0.4166666666666667 0.625 0.75 0.8333333333333334 0.8928571428571429 0.9375 0.9722222222222222 0.875 0.9090909090909091 0.8333333333333334 
0.4545454545454545 0.6666666666666666 0.7894736842105262 0.8695652173913042 0.9259259259259259 0.9677419354838709 1.0 0.8974358974358975 0.813953488372093 0.7446808510638298 
0.4166666666666667 0.625 0.75 0.8333333333333334 0.8928571428571429 0.9375 0.9722222222222222 1.0 0.9090909090909091 0.8333333333333334 
0.4545454545454545 0.6666666666666666 0.7894736842105262 0.8695652173913042 0.7407407407407408 0.8064516129032258 0.8571428571428571 0.8974358974358975 0.813953488372093 0.7446808510638298 
0.5 0.7142857142857143 0.8333333333333334 0.9090909090909091 0.9615384615384615 0.8333333333333334 0.8823529411764707 0.7894736842105263 0.7142857142857142 0.6521739130434783 
0.7142857142857143 0.9090909090909091 1.0 0.7894736842105263 0.6521739130434783 0.5555555555555556 0.48387096774193544 0.42857142857142855 0.3846153846153846 0.3488372093023256 
0.4166666666666667 0.625 0.75 0.8333333333333334 0.8928571428571429 0.9375 0.9722222222222222 1.0 0.9090909090909091 0.8333333333333334 
0.4545454545454545 0.6666666666666666 0.7894736842105262 0.8695652173913042 0.9259259259259259 0.9677419354838709 1.0 0.8974358974358975 0.813953488372093 0.7446808510638298 
0.4166666666666667 0.625 0.75 0.8333333333333334 0.8928571428571429 0.9375 0.9722222222222222 1.0 0.9090909090909091 0.8333333333333334 
0.4166666666666667 0.625 0.75 0.8333333333333334 0.8928571428571429 0.9375 0.9722222222222222 1.0 0.9090909090909091 0.8333333333333334 
0.4166666666666667 0.625 0.75 0.8333333333333334 0.8928571428571429 0.9375 0.9722222222222222 1.0 0.9090909090909091 0.8333333333333334 
0.38461538461538464 0.5882352941176471 0.7142857142857143 0.8 0.8620689655172413 0.9090909090909091 0.945945945945946 0.9756097560975611 0.8888888888888888 0.9183673469387754 
0.5 0.7142857142857143 0.8333333333333334 0.9090909090909091 0.9615384615384615 1.0 0.8823529411764707 0.7894736842105263 0.7142857142857142 0.6521739130434783 
0.35714285714285715 0.5555555555555556 0.6818181818181818 0.7692307692307692 0.8333333333333334 0.8823529411764706 0.9210526315789475 0.9523809523809523 0.9782608695652175 1.0 
0.4545454545454545 0.6666666666666666 0.7894736842105262 0.8695652173913042 0.9259259259259259 0.9677419354838709 1.0 0.8974358974358975 0.813953488372093 0.7446808510638298 
0.4166666666666667 0.625 0.75 0.8333333333333334 0.8928571428571429 0.9375 0.9722222222222222 1.0 0.9090909090909091 0.8333333333333334 
0.5555555555555556 0.7692307692307692 0.8823529411764706 0.9523809523809523 1.0 0.8620689655172415 0.7575757575757576 0.6756756756756757 0.6097560975609756 0.5555555555555556 
0.4545454545454545 0.6666666666666666 0.7894736842105262 0.8695652173913042 0.9259259259259259 0.9677419354838709 1.0 0.8974358974358975 0.813953488372093 0.7446808510638298 
0.5 0.7142857142857143 0.8333333333333334 0.9090909090909091 0.9615384615384615 1.0 0.8823529411764707 0.7894736842105263 0.7142857142857142 0.6521739130434783 
0.38461538461538464 0.5882352941176471 0.7142857142857143 0.8 0.8620689655172413 0.9090909090909091 0.945945945945946 0.9756097560975611 1.0 0.9183673469387754 
0.5555555555555556 0.7692307692307692 0.8823529411764706 0.9523809523809523 1.0 0.8620689655172415 0.7575757575757576 0.6756756756756757 0.6097560975609756 0.5555555555555556 
0.38461538461538464 0.5882352941176471 0.7142857142857143 0.8 0.8620689655172413 0.9090909090909091 0.945945945945946 0.9756097560975611 1.0 0.9183673469387754 
0.5555555555555556 0.7692307692307692 0.8823529411764706 0.9523809523809523 1.0 0.8620689655172415 0.7575757575757576 0.6756756756756757 0.6097560975609756 0.5555555555555556 
0.5555555555555556 0.7692307692307692 0.8823529411764706 0.9523809523809523 1.0 0.8620689655172415 0.7575757575757576 0.6756756756756757 0.6097560975609756 0.5555555555555556 
0.38461538461538464 0.5882352941176471 0.7142857142857143 0.8 0.8620689655172413 0.9090909090909091 0.945945945945946 0.9756097560975611 1.0 0.9183673469387754 
0.35714285714285715 0.5555555555555556 0.6818181818181818 0.7692307692307692 0.8333333333333334 0.8823529411764706 0.9210526315789475 0.9523809523809523 0.9782608695652175 1.0 
0.35714285714285715 0.5555555555555556 0.6818181818181818 0.7692307692307692 0.8333333333333334 0.8823529411764706 0.9210526315789475 0.9523809523809523 0.9782608695652175 1.0 
0.5555555555555556 0.7692307692307692 0.8823529411764706 0.9523809523809523 1.0 0.8620689655172415 0.7575757575757576 0.6756756756756757 0.6097560975609756 0.5555555555555556 
0.38461538461538464 0.5882352941176471 0.7142857142857143 0.8 0.8620689655172413 0.9090909090909091 0.945945945945946 0.9756097560975611 0.8888888888888888 0.9183673469387754 
0.5 0.7142857142857143 0.8333333333333334 0.9090909090909091 0.9615384615384615 1.0 0.8823529411764707 0.7894736842105263 0.7142857142857142 0.6521739130434783 
0.35714285714285715 0.5555555555555556 0.6818181818181818 0.7692307692307692 0.8333333333333334 0.8823529411764706 0.9210526315789475 0.9523809523809523 0.9782608695652175 1.0 
0.4166666666666667 0.625 0.75 0.8333333333333334 0.8928571428571429 0.9375 0.9722222222222222 0.875 0.9090909090909091 0.8333333333333334 
0.4545454545454545 0.6666666666666666 0.7894736842105262 0.8695652173913042 0.9259259259259259 0.9677419354838709 1.0 0.8974358974358975 0.813953488372093 0.7446808510638298 
0.4166666666666667 0.625 0.75 0.8333333333333334 0.8928571428571429 0.9375 0.9722222222222222 1.0 0.9090909090909091 0.8333333333333334 
0.38461538461538464 0.5882352941176471 0.7142857142857143 0.8 0.8620689655172413 0.9090909090909091 0.945945945945946 0.9756097560975611 1.0 0.9183673469387754 
0.625 0.8333333333333334 0.9375 1.0 0.8333333333333334 0.7142857142857142 0.625 0.5555555555555556 0.5 0.45454545454545453 
0.4166666666666667 0.625 0.75 0.8333333333333334 0.8928571428571429 0.9375 0.9722222222222222 1.0 0.9090909090909091 0.8333333333333334 
0.4166666666666667 0.625 0.75 0.8333333333333334 0.8928571428571429 0.9375 0.9722222222222222 0.875 0.7954545454545454 0.8333333333333334 
0.38461538461538464 0.5882352941176471 0.7142857142857143 0.8 0.8620689655172413 0.9090909090909091 0.945945945945946 0.9756097560975611 0.8888888888888888 0.9183673469387754 
0.4166666666666667 0.625 0.75 0.8333333333333334 0.8928571428571429 0.9375 0.9722222222222222 1.0 0.9090909090909091 0.8333333333333334 
0.4545454545454545 0.6666666666666666 0.7894736842105262 0.8695652173913042 0.9259259259259259 0.9677419354838709 1.0 0.8974358974358975 0.813953488372093 0.7446808510638298 
0.4166666666666667 0.625 0.75 0.8333333333333334 0.8928571428571429 0.9375 0.9722222222222222 1.0 0.9090909090909091 0.8333333333333334 

