275,[ 27  46  45  32  37  20  40  41  33  40  44  42  28  34  29  35  44  44
  47  34  42  43  39  26  45  31  37  31  38  36  34  35  29  39  40  34
  33  32  39  46  68  66  55  55  62  51  50  58  51  56  75  76  71  54
  74  76  74  68  74  76  75  68  74  75  64  74  62  61  75  62  54  75
  71  49  55  76  64  68  69  51  57  62  66  49  48  58  54  63  61  54
  48  65  75  71  54  77 106  98  81  95  94  99  94  78 102 101  86 104
  80  99  88  86  94  90  86  83  88  99 100  79  92 102 104  78  81  88
 106  88  89  83  88  93  81  84 101  88  83 106 100  99 103  91  79 116
 133 116 111 131 138 133 135 136 129 137 111 138 112 120 136 126 115 132
 111 134 138 115 123 127 137 116 136 119 112 125 123 107 110 122 122 123
 107 108 129 130 114 110 118 124 111 114 131 125 110 118 163 156 150 159
 140 144 158 144 143 153 164 161 154 162 157 162 143 159 144 157 151 154
 156 154 154 153 150 141 156 146 155 154 148 148 159 145 147 158 145 158
 145 141 157 160 152 147 158 151 163 160 149 157 155 152 158 149 144 139
 143 147 159 153 146 142 156 151 160 155 163 139 151 151 155 162 140 163
 149 143 149 161 153]