474,[ 27  41  40  46  40  37  45  44  40  45  33  32  46  20  33  44  39  37
  35  34  44  33  32  34  42  29  32  34  47  35  23  42  28  16  34  26
  42  26  38  37  44  37  31  43  31  36  29  39  39  13  34  21  31  30
  39  68  72  62  51  51  62  50  72  58  55  74  75  66  62  74  51  71
  54  68  48  61  54  75  75  55  62  76  63  54  64  70  75  70  48  50
  64  61  48  75  74  71  69  54  55  50  68  65  49  51  77  76  48  54
  75  65  54  59  74  71  65  56  74  52  66  76  76  62  69  74  71  66
  56  61  61  64  51  52  68  49  57  58  62  60 106  78  94 100  99  99
 100  98  99  91  81  86  88  86 100  91 102 105  92  83  99 101  99  78
  94  95  81  80  93  88 106  99  83  81  83  93 102  89  94  88 106 101
  79  88  81 104  97  78  90  80  80 103 106  84  82  87  88 104 101  86
  88  81  79  83 116 138 111 116 111 131 127 111 135 136 112 122 133 111
 130 114 131 127 110 108 110 129 126 122 119 110 136 137 134 115 137 114
 132 135 138 136 131 133 118 120 112 115 125 134 118 123 129 130 111 125
 123 136 112 114 123 137 107 115 137 138 137 114 116 120 107 132 108 125
 124 122 137 163 144 140 156 144 159 155 140 142 153 149 142 148 147 141
 173 150 158 151 156 159 142 147 153 168 164 161 155 161 163 159 159 155
 156 153 152 145 167 146 153 147 156 166 143 148 164 146 149 157 151 156
 155 164 153 161 158 159 145 158 164 153 154 159 163 158 156 159 152 154
 153 162 140 155 163 159 157 160 154 160 150 151 166 158 144 167 158 143
 143 139 160 148 150 158 162 150 156 161 144 142 149 156 156 146 154 157
 145 148 159 156 141 157 149 143 156 156 158 144 147 143 160 162 160 139
 159 149 164 153 154 139 145 145 157 157 152 158 154 141 146 159 147 145
 141 157 161 157 160 144 158 152 145 154 160 164 153 160 161 155 161 158
 160 159 155 154 157 154 151 163 149 145 159 144 139 153 149 151 166 152
 150 160 163 168 145 160 144 153 155 158 161 162 158 166 148 162 144 163
 165 149 161 161 161 147]