438,[ 27  41  40  46  40  33  26  34  45  20  32  37  35  32  34  44  39  34
  47  29  44  39  34  33  42  28  16  44  33  46  13  42  38  31  45  32
  31  29  21  42  43  39  37  23  44  31  35  26  36  40  30  34  68  72
  62  51  51  74  75  66  62  71  55  55  62  58  61  75  74  50  51  62
  75  70  54  74  49  69  57  48  64  55  54  68  76  71  65  63  76  54
  65  54  74  61  68  64  75  49  71  65  76  74  77  74  69  76  62  68
  61  54  50  70  64  61  56  48  72  66  50  75  54  48  62  59  75  51
  56  58  66  48  60  52 106  78  94 100  99  98  81  86 100  92  99  94
  81  93  99  99 106  84  83 102  83  80 101  91 101  88  94  99  79 105
 104  97  78  99  78 103  91  80 100 106 102  88  95  87  82  90 106  86
  89  88  86 101  88  81  81  88  83  93  80  81  79 104  83  88 116 138
 111 116 111 112 133 111 118 135 130 132 131 111 131 126 127 127 136 131
 125 114 138 133 115 129 136 136 115 122 125 137 119 137 123 110 120 114
 108 112 132 111 118 129 137 136 115 122 123 112 137 134 138 137 114 135
 122 134 116 110 108 137 120 114 133 107 107 110 124 123 163 144 140 156
 144 159 149 140 142 150 148 159 159 142 161 155 145 161 143 141 158 146
 148 144 166 153 153 146 151 155 162 157 163 153 149 154 159 163 163 162
 153 160 159 161 163 157 164 144 162 166 159 158 143 156 161 160 160 144
 167 139 157 159 164 164 153 152 150 155 148 154 157 156 154 141 159 154
 158 161 155 158 149 146 145 157 149 156 147 154 141 163 145 161 150 143
 156 160 141 156 153 161 152 150 145 154 168 157 153 160 160 145 157 151
 152 156 158 147 158 159 154 160 148 156 139 145 159 160 156 139 157 149
 151 151 164 152 152 158 158 143 158 154 146 161 144 160 149 163 166 162
 159 160 159 155 156 145 162 158 157 162 155 162 140 161 142 151 153 173
 155 165 144 143 149 161]