297,[ 27  46  55  55  62  51  40  41  33  51  48  48  54  28  34  29  35  61
  44  61  47  64  45  43  39  62  54  26  62  31  37  49  36  61  48  35
  34  64  51  57  29  49  42  42  58  54  63  40  50  54  55  32  52  58
  54  32 106  81  75  99  94  99  94  78 102  88  76  74  99  76  88  65
  80  68  74  95  75  68  88  99  81  75  74  86  68 100 102  86  78  81
  75  88  79  71  68  69  76  93  81  89  66  84 101  83  66  83  90 100
  71  65  79  77 116 111 111 144 131 143 142 115 135 136 122 137 138 112
 139 136 140 141 132 143 120 133 131 141 141 143 138 115 142 142 140 141
 116 133 136 119 112 106 114 139 110 114 139 123 107 110 106 130 129 123
 107 110 118 124 122 127 123 137 111 143 114 125 143 126 144 156 150 154
 146 153 153 148 153 154 153 151 144 155 145 154 153 148 156 154 154 145
 150 156 146 155 154 149 148 155 145 147 146 145 148 152 149 152 147 153
 151 150 153 149 152 154 144 147 155 153 153 153 151 155 154 151 148 151
 155 145 144 149 144 149 152 163 159 161 156 158 166 156 161 159 162 163
 159 159 158 157 157 157 163 157 159 158 157 157 160 160 159 160 156 173
 161 168 158 160 156 158 156 163 157 156 159 158 159 161 160 160 159 159
 160 162 161 158 164 156 161 162 167]