472,[ 27  41  40  62  51  46  62  55  26  45  61  55  62  58  32  44  37  51
  20  35  50  64  50  54  44  40  62  34  57  29  39  33  48  54  48  28
  54  54  54  44  42  34  16  55  37  33  33  40  62  51  56  21  50  64
  42  61  29  47  34  42  45  43  35  39  56  32  54  48  38  46  63  49
  31  59  52  49  62  36  39  52  32  34  26  30  13  31  48  51  61  60
  34 106  68  78  94  72  98  81  74  66  74  75  65  68  75  99  94 100
  81  99  99 106  75  70 100 102  75  74  83  71  92 105  94  83  86  79
  76  93  65 100  68  71  99  99  74  76  91  71  88  77  97  74 104  68
  69  88  89  80 102  88  91  95 101  80  86  86  83  75  88 101 101  90
  69  66  81  65  70  80  93 104  78  75 103  82  88  83  74  99  76  84
  88  78  66  76  72  81  79  64 140 138 144 111 143 140 142 133 143 116
 142 140 112 116 111 141 143 141 122 127 131 127 131 111 130 122 135 130
 129 126 112 136 139 125 134 106 122 137 119 111 134 143 143 139 142 138
 136 143 115 110 141 132 142 125 120 129 139 136 139 137 133 131 141 111
 135 132 114 118 138 108 137 123 123 123 116 139 110 136 137 120 114 106
 137 107 107 110 124 114 115 114 108 141 112 140 142 144 156 155 154 148
 150 148 149 147 155 155 145 149 153 153 146 153 153 153 155 148 146 155
 149 156 153 153 151 154 150 152 154 154 153 148 151 153 150 151 145 144
 156 144 154 144 153 145 146 152 153 156 148 149 149 144 155 147 149 153
 155 145 151 154 146 148 147 145 147 144 152 151 145 154 147 150 149 154
 150 145 153 149 145 144 151 150 152 154 144 153 152 152 154 151 155 163
 159 162 160 167 158 158 159 161 161 161 161 156 164 159 161 159 166 162
 157 158 163 164 157 164 164 161 163 158 168 159 159 163 162 160 161 159
 157 162 159 158 160 160 167 157 164 173 162 159 156 166 159 161 156 157
 158 157 159 157 168 161 160 163 160 161 156 157 158 161 163 158 160 158
 160 160 156 156 159 158 159 157 160 156 158 163 159 166 160 165 158 163
 158 161 161 156]