prescision@ average results:
0.7070707070707071 

recall@ average results:
0.7070707070707071 

F1@ average results:
0.7070707070707071 

F0.5@ average results:
0.7070707070707071 

prescision@ results:
1.0 
1.0 
1.0 
1.0 
0 
1.0 
0 
1.0 
1.0 
1.0 
1.0 
1.0 
0 
0 
1.0 
1.0 
1.0 
1.0 
1.0 
1.0 
0 
1.0 
0 
1.0 
1.0 
1.0 
1.0 
1.0 
0 
1.0 
1.0 
1.0 
1.0 
1.0 
1.0 
1.0 
0 
1.0 
0 
1.0 
1.0 
1.0 
0 
1.0 
1.0 
0 
0 
1.0 
1.0 
1.0 
0 
0 
0 
1.0 
1.0 
1.0 
1.0 
0 
0 
0 
1.0 
1.0 
0 
1.0 
0 
1.0 
1.0 
1.0 
1.0 
0 
1.0 
0 
0 
1.0 
0 
1.0 
0 
1.0 
0 
1.0 
1.0 
1.0 
1.0 
1.0 
0 
1.0 
0 
1.0 
1.0 
1.0 
1.0 
1.0 
0 
1.0 
1.0 
1.0 
1.0 
1.0 
1.0 

recall@ results:
1.0 
1.0 
1.0 
1.0 
0 
1.0 
0 
1.0 
1.0 
1.0 
1.0 
1.0 
0 
0 
1.0 
1.0 
1.0 
1.0 
1.0 
1.0 
0 
1.0 
0 
1.0 
1.0 
1.0 
1.0 
1.0 
0 
1.0 
1.0 
1.0 
1.0 
1.0 
1.0 
1.0 
0 
1.0 
0 
1.0 
1.0 
1.0 
0 
1.0 
1.0 
0 
0 
1.0 
1.0 
1.0 
0 
0 
0 
1.0 
1.0 
1.0 
1.0 
0 
0 
0 
1.0 
1.0 
0 
1.0 
0 
1.0 
1.0 
1.0 
1.0 
0 
1.0 
0 
0 
1.0 
0 
1.0 
0 
1.0 
0 
1.0 
1.0 
1.0 
1.0 
1.0 
0 
1.0 
0 
1.0 
1.0 
1.0 
1.0 
1.0 
0 
1.0 
1.0 
1.0 
1.0 
1.0 
1.0 

f1@ results:
1.0 
1.0 
1.0 
1.0 
0 
1.0 
0 
1.0 
1.0 
1.0 
1.0 
1.0 
0 
0 
1.0 
1.0 
1.0 
1.0 
1.0 
1.0 
0 
1.0 
0 
1.0 
1.0 
1.0 
1.0 
1.0 
0 
1.0 
1.0 
1.0 
1.0 
1.0 
1.0 
1.0 
0 
1.0 
0 
1.0 
1.0 
1.0 
0 
1.0 
1.0 
0 
0 
1.0 
1.0 
1.0 
0 
0 
0 
1.0 
1.0 
1.0 
1.0 
0 
0 
0 
1.0 
1.0 
0 
1.0 
0 
1.0 
1.0 
1.0 
1.0 
0 
1.0 
0 
0 
1.0 
0 
1.0 
0 
1.0 
0 
1.0 
1.0 
1.0 
1.0 
1.0 
0 
1.0 
0 
1.0 
1.0 
1.0 
1.0 
1.0 
0 
1.0 
1.0 
1.0 
1.0 
1.0 
1.0 

f0.5@ results:
1.0 
1.0 
1.0 
1.0 
0 
1.0 
0 
1.0 
1.0 
1.0 
1.0 
1.0 
0 
0 
1.0 
1.0 
1.0 
1.0 
1.0 
1.0 
0 
1.0 
0 
1.0 
1.0 
1.0 
1.0 
1.0 
0 
1.0 
1.0 
1.0 
1.0 
1.0 
1.0 
1.0 
0 
1.0 
0 
1.0 
1.0 
1.0 
0 
1.0 
1.0 
0 
0 
1.0 
1.0 
1.0 
0 
0 
0 
1.0 
1.0 
1.0 
1.0 
0 
0 
0 
1.0 
1.0 
0 
1.0 
0 
1.0 
1.0 
1.0 
1.0 
0 
1.0 
0 
0 
1.0 
0 
1.0 
0 
1.0 
0 
1.0 
1.0 
1.0 
1.0 
1.0 
0 
1.0 
0 
1.0 
1.0 
1.0 
1.0 
1.0 
0 
1.0 
1.0 
1.0 
1.0 
1.0 
1.0 

