prescision@ average results:
0.898989898989899 0.8535353535353535 0.7845117845117843 0.7070707070707071 0.6323232323232323 0.565656565656566 0.507936507936508 0.4595959595959596 0.41189674523007835 0.37171717171717167 

recall@ average results:
0.3087461920795253 0.5366843033509698 0.6854978354978354 0.774547057880391 0.8274009940676607 0.8595478595478597 0.8799102132435465 0.8945005611672278 0.8978675645342312 0.898989898989899 

F1@ average results:
0.42671156004489313 0.611533808503505 0.6808496217587123 0.6892415665142929 0.6690077599168502 0.6373528828074275 0.6023408129468732 0.5687267113292065 0.5301690123437005 0.4950182525705556 

F0.5@ average results:
0.5942109237563786 0.7159295777834102 0.7250752558415096 0.6896560656932583 0.6390244328396462 0.5866345351396085 0.537508882190981 0.49433229323119743 0.44954572821156996 0.41071840482217487 

prescision@ results:
1.0 1.0 1.0 1.0 1.0 1.0 1.0 0.875 0.7777777777777778 0.7 
1.0 1.0 1.0 1.0 1.0 0.8333333333333334 0.7142857142857143 0.625 0.5555555555555556 0.5 
1.0 1.0 0.6666666666666666 0.5 0.4 0.3333333333333333 0.2857142857142857 0.25 0.2222222222222222 0.2 
1.0 1.0 0.6666666666666666 0.5 0.4 0.3333333333333333 0.2857142857142857 0.25 0.2222222222222222 0.2 
1.0 0.5 0.3333333333333333 0.25 0.2 0.16666666666666666 0.14285714285714285 0.125 0.1111111111111111 0.1 
1.0 1.0 1.0 1.0 1.0 1.0 1.0 0.875 0.7777777777777778 0.7 
1.0 1.0 0.6666666666666666 0.5 0.4 0.3333333333333333 0.2857142857142857 0.25 0.2222222222222222 0.2 
1.0 1.0 1.0 1.0 1.0 1.0 1.0 1.0 0.8888888888888888 0.9 
1.0 1.0 1.0 1.0 1.0 0.8333333333333334 0.7142857142857143 0.625 0.5555555555555556 0.5 
1.0 1.0 1.0 1.0 1.0 1.0 1.0 0.875 0.7777777777777778 0.7 
1.0 1.0 1.0 0.75 0.6 0.5 0.42857142857142855 0.375 0.3333333333333333 0.3 
1.0 1.0 1.0 0.75 0.6 0.5 0.42857142857142855 0.375 0.3333333333333333 0.3 
1.0 1.0 1.0 1.0 1.0 0.8333333333333334 0.7142857142857143 0.625 0.5555555555555556 0.5 
0 0 0 0 0 0 0 0 0 0 
1.0 1.0 0.6666666666666666 0.5 0.4 0.3333333333333333 0.2857142857142857 0.25 0.2222222222222222 0.2 
1.0 1.0 1.0 0.75 0.8 0.6666666666666666 0.5714285714285714 0.5 0.4444444444444444 0.4 
1.0 1.0 0.6666666666666666 0.5 0.4 0.3333333333333333 0.2857142857142857 0.25 0.2222222222222222 0.2 
0 0 0 0 0 0 0 0 0 0 
1.0 1.0 1.0 1.0 1.0 1.0 1.0 1.0 0.8888888888888888 0.8 
0 0 0 0 0 0 0 0 0 0 
1.0 1.0 0.6666666666666666 0.5 0.4 0.3333333333333333 0.2857142857142857 0.25 0.2222222222222222 0.2 
1.0 1.0 1.0 1.0 1.0 1.0 0.8571428571428571 0.75 0.6666666666666666 0.6 
1.0 1.0 0.6666666666666666 0.5 0.4 0.3333333333333333 0.2857142857142857 0.25 0.2222222222222222 0.2 
0 0 0 0 0 0 0 0 0 0 
1.0 1.0 1.0 1.0 1.0 0.8333333333333334 0.7142857142857143 0.625 0.5555555555555556 0.5 
1.0 1.0 1.0 1.0 0.8 0.6666666666666666 0.5714285714285714 0.5 0.4444444444444444 0.4 
1.0 1.0 1.0 0.75 0.6 0.5 0.42857142857142855 0.375 0.3333333333333333 0.3 
0 0 0 0 0 0 0 0 0 0 
1.0 0.5 0.3333333333333333 0.25 0.2 0.16666666666666666 0.14285714285714285 0.125 0.1111111111111111 0.1 
1.0 1.0 1.0 1.0 1.0 1.0 1.0 1.0 0.8888888888888888 0.8 
1.0 1.0 1.0 1.0 1.0 1.0 1.0 1.0 1.0 0.9 
1.0 1.0 1.0 1.0 1.0 1.0 1.0 1.0 0.8888888888888888 0.8 
1.0 1.0 1.0 0.75 0.6 0.5 0.42857142857142855 0.375 0.3333333333333333 0.3 
0 0 0 0 0 0 0 0 0 0 
1.0 0.5 0.6666666666666666 0.5 0.4 0.3333333333333333 0.2857142857142857 0.25 0.2222222222222222 0.2 
0 0 0 0 0 0 0 0 0 0 
1.0 1.0 1.0 1.0 0.8 0.6666666666666666 0.5714285714285714 0.5 0.4444444444444444 0.4 
1.0 1.0 0.6666666666666666 0.5 0.4 0.3333333333333333 0.2857142857142857 0.25 0.2222222222222222 0.2 
1.0 1.0 1.0 1.0 0.8 0.6666666666666666 0.5714285714285714 0.5 0.4444444444444444 0.4 
0 0 0 0 0 0 0 0 0 0 
1.0 0.5 0.3333333333333333 0.25 0.2 0.16666666666666666 0.14285714285714285 0.125 0.1111111111111111 0.1 
1.0 1.0 1.0 1.0 0.8 0.6666666666666666 0.5714285714285714 0.5 0.4444444444444444 0.4 
1.0 0.5 0.3333333333333333 0.25 0.2 0.16666666666666666 0.14285714285714285 0.125 0.1111111111111111 0.1 
1.0 1.0 1.0 1.0 0.8 0.6666666666666666 0.5714285714285714 0.5 0.4444444444444444 0.4 
1.0 1.0 1.0 0.75 0.6 0.5 0.42857142857142855 0.375 0.3333333333333333 0.3 
1.0 1.0 1.0 0.75 0.6 0.5 0.42857142857142855 0.375 0.3333333333333333 0.3 
1.0 1.0 1.0 1.0 1.0 1.0 0.8571428571428571 0.75 0.6666666666666666 0.6 
1.0 1.0 1.0 1.0 0.8 0.6666666666666666 0.5714285714285714 0.5 0.4444444444444444 0.4 
1.0 1.0 1.0 1.0 1.0 1.0 0.8571428571428571 0.75 0.6666666666666666 0.6 
1.0 1.0 1.0 1.0 1.0 0.8333333333333334 0.7142857142857143 0.625 0.5555555555555556 0.5 
1.0 1.0 0.6666666666666666 0.5 0.4 0.3333333333333333 0.2857142857142857 0.25 0.2222222222222222 0.2 
1.0 1.0 1.0 1.0 0.8 0.6666666666666666 0.5714285714285714 0.5 0.4444444444444444 0.4 
1.0 0.5 0.3333333333333333 0.25 0.2 0.16666666666666666 0.14285714285714285 0.125 0.1111111111111111 0.1 
1.0 1.0 1.0 1.0 0.8 0.6666666666666666 0.5714285714285714 0.5 0.4444444444444444 0.4 
1.0 1.0 0.6666666666666666 0.5 0.4 0.3333333333333333 0.2857142857142857 0.25 0.2222222222222222 0.2 
1.0 1.0 1.0 1.0 0.8 0.6666666666666666 0.5714285714285714 0.5 0.4444444444444444 0.4 
1.0 1.0 1.0 1.0 0.8 0.6666666666666666 0.5714285714285714 0.5 0.4444444444444444 0.4 
1.0 1.0 0.6666666666666666 0.5 0.4 0.3333333333333333 0.2857142857142857 0.25 0.2222222222222222 0.2 
1.0 1.0 1.0 1.0 0.8 0.6666666666666666 0.5714285714285714 0.5 0.4444444444444444 0.4 
1.0 1.0 1.0 0.75 0.6 0.5 0.42857142857142855 0.375 0.3333333333333333 0.3 
0 0 0 0 0 0 0 0 0 0 
1.0 1.0 1.0 0.75 0.6 0.5 0.42857142857142855 0.375 0.3333333333333333 0.3 
1.0 1.0 1.0 0.75 0.6 0.5 0.42857142857142855 0.375 0.3333333333333333 0.3 
1.0 1.0 1.0 1.0 1.0 1.0 1.0 1.0 0.8888888888888888 0.8 
1.0 1.0 1.0 1.0 1.0 1.0 1.0 1.0 0.8888888888888888 0.8 
1.0 0.5 0.6666666666666666 0.5 0.4 0.3333333333333333 0.2857142857142857 0.25 0.2222222222222222 0.2 
1.0 1.0 1.0 1.0 1.0 1.0 1.0 1.0 0.8888888888888888 0.8 
1.0 1.0 1.0 1.0 1.0 1.0 0.8571428571428571 0.75 0.6666666666666666 0.6 
1.0 1.0 1.0 1.0 1.0 0.8333333333333334 0.7142857142857143 0.625 0.5555555555555556 0.5 
1.0 1.0 1.0 0.75 0.6 0.5 0.42857142857142855 0.375 0.3333333333333333 0.3 
1.0 1.0 1.0 1.0 1.0 1.0 1.0 1.0 0.8888888888888888 0.8 
1.0 1.0 0.6666666666666666 0.75 0.6 0.5 0.42857142857142855 0.375 0.3333333333333333 0.3 
1.0 1.0 1.0 0.75 0.6 0.5 0.42857142857142855 0.375 0.3333333333333333 0.3 
1.0 1.0 1.0 0.75 0.6 0.5 0.42857142857142855 0.375 0.3333333333333333 0.3 
1.0 1.0 0.6666666666666666 0.5 0.4 0.3333333333333333 0.2857142857142857 0.25 0.2222222222222222 0.2 
1.0 0.5 0.3333333333333333 0.25 0.2 0.16666666666666666 0.14285714285714285 0.125 0.1111111111111111 0.1 
1.0 1.0 0.6666666666666666 0.5 0.4 0.3333333333333333 0.2857142857142857 0.25 0.2222222222222222 0.2 
1.0 1.0 0.6666666666666666 0.5 0.4 0.3333333333333333 0.2857142857142857 0.25 0.2222222222222222 0.2 
1.0 1.0 0.6666666666666666 0.5 0.4 0.3333333333333333 0.2857142857142857 0.25 0.2222222222222222 0.2 
1.0 1.0 0.6666666666666666 0.5 0.4 0.3333333333333333 0.2857142857142857 0.25 0.2222222222222222 0.2 
1.0 1.0 1.0 1.0 0.8 0.6666666666666666 0.5714285714285714 0.5 0.4444444444444444 0.4 
1.0 1.0 1.0 1.0 1.0 1.0 0.8571428571428571 0.75 0.6666666666666666 0.6 
1.0 1.0 1.0 1.0 1.0 1.0 1.0 0.875 0.7777777777777778 0.7 
1.0 1.0 1.0 1.0 0.8 0.6666666666666666 0.5714285714285714 0.5 0.4444444444444444 0.4 
1.0 1.0 1.0 0.75 0.6 0.5 0.42857142857142855 0.375 0.3333333333333333 0.3 
1.0 1.0 1.0 1.0 1.0 0.8333333333333334 0.7142857142857143 0.625 0.5555555555555556 0.5 
0 0 0 0 0 0 0 0 0 0 
1.0 1.0 1.0 1.0 1.0 1.0 1.0 1.0 0.8888888888888888 0.8 
1.0 1.0 1.0 1.0 1.0 0.8333333333333334 0.7142857142857143 0.625 0.5555555555555556 0.5 
1.0 1.0 1.0 1.0 0.8 0.6666666666666666 0.5714285714285714 0.5 0.4444444444444444 0.4 
1.0 1.0 0.6666666666666666 0.5 0.4 0.3333333333333333 0.2857142857142857 0.25 0.2222222222222222 0.2 
1.0 1.0 1.0 1.0 1.0 0.8333333333333334 0.7142857142857143 0.625 0.5555555555555556 0.5 
1.0 1.0 1.0 0.75 0.6 0.5 0.42857142857142855 0.375 0.3333333333333333 0.3 
1.0 1.0 1.0 1.0 1.0 1.0 0.8571428571428571 0.75 0.6666666666666666 0.6 
1.0 1.0 1.0 1.0 1.0 1.0 1.0 1.0 1.0 0.9 
1.0 1.0 1.0 1.0 1.0 1.0 1.0 1.0 1.0 0.9 
1.0 1.0 1.0 0.75 0.6 0.5 0.42857142857142855 0.375 0.3333333333333333 0.3 
1.0 1.0 1.0 1.0 1.0 1.0 0.8571428571428571 0.75 0.6666666666666666 0.6 
1.0 0.5 0.3333333333333333 0.25 0.2 0.16666666666666666 0.14285714285714285 0.125 0.1111111111111111 0.1 

recall@ results:
0.14285714285714285 0.2857142857142857 0.42857142857142855 0.5714285714285714 0.7142857142857143 0.8571428571428571 1.0 1.0 1.0 1.0 
0.2 0.4 0.6 0.8 1.0 1.0 1.0 1.0 1.0 1.0 
0.5 1.0 1.0 1.0 1.0 1.0 1.0 1.0 1.0 1.0 
0.5 1.0 1.0 1.0 1.0 1.0 1.0 1.0 1.0 1.0 
1.0 1.0 1.0 1.0 1.0 1.0 1.0 1.0 1.0 1.0 
0.14285714285714285 0.2857142857142857 0.42857142857142855 0.5714285714285714 0.7142857142857143 0.8571428571428571 1.0 1.0 1.0 1.0 
0.5 1.0 1.0 1.0 1.0 1.0 1.0 1.0 1.0 1.0 
0.1111111111111111 0.2222222222222222 0.3333333333333333 0.4444444444444444 0.5555555555555556 0.6666666666666666 0.7777777777777778 0.8888888888888888 0.8888888888888888 1.0 
0.2 0.4 0.6 0.8 1.0 1.0 1.0 1.0 1.0 1.0 
0.14285714285714285 0.2857142857142857 0.42857142857142855 0.5714285714285714 0.7142857142857143 0.8571428571428571 1.0 1.0 1.0 1.0 
0.3333333333333333 0.6666666666666666 1.0 1.0 1.0 1.0 1.0 1.0 1.0 1.0 
0.3333333333333333 0.6666666666666666 1.0 1.0 1.0 1.0 1.0 1.0 1.0 1.0 
0.2 0.4 0.6 0.8 1.0 1.0 1.0 1.0 1.0 1.0 
0 0 0 0 0 0 0 0 0 0 
0.5 1.0 1.0 1.0 1.0 1.0 1.0 1.0 1.0 1.0 
0.25 0.5 0.75 0.75 1.0 1.0 1.0 1.0 1.0 1.0 
0.5 1.0 1.0 1.0 1.0 1.0 1.0 1.0 1.0 1.0 
0 0 0 0 0 0 0 0 0 0 
0.125 0.25 0.375 0.5 0.625 0.75 0.875 1.0 1.0 1.0 
0 0 0 0 0 0 0 0 0 0 
0.5 1.0 1.0 1.0 1.0 1.0 1.0 1.0 1.0 1.0 
0.16666666666666666 0.3333333333333333 0.5 0.6666666666666666 0.8333333333333334 1.0 1.0 1.0 1.0 1.0 
0.5 1.0 1.0 1.0 1.0 1.0 1.0 1.0 1.0 1.0 
0 0 0 0 0 0 0 0 0 0 
0.2 0.4 0.6 0.8 1.0 1.0 1.0 1.0 1.0 1.0 
0.25 0.5 0.75 1.0 1.0 1.0 1.0 1.0 1.0 1.0 
0.3333333333333333 0.6666666666666666 1.0 1.0 1.0 1.0 1.0 1.0 1.0 1.0 
0 0 0 0 0 0 0 0 0 0 
1.0 1.0 1.0 1.0 1.0 1.0 1.0 1.0 1.0 1.0 
0.125 0.25 0.375 0.5 0.625 0.75 0.875 1.0 1.0 1.0 
0.1111111111111111 0.2222222222222222 0.3333333333333333 0.4444444444444444 0.5555555555555556 0.6666666666666666 0.7777777777777778 0.8888888888888888 1.0 1.0 
0.125 0.25 0.375 0.5 0.625 0.75 0.875 1.0 1.0 1.0 
0.3333333333333333 0.6666666666666666 1.0 1.0 1.0 1.0 1.0 1.0 1.0 1.0 
0 0 0 0 0 0 0 0 0 0 
0.5 0.5 1.0 1.0 1.0 1.0 1.0 1.0 1.0 1.0 
0 0 0 0 0 0 0 0 0 0 
0.25 0.5 0.75 1.0 1.0 1.0 1.0 1.0 1.0 1.0 
0.5 1.0 1.0 1.0 1.0 1.0 1.0 1.0 1.0 1.0 
0.25 0.5 0.75 1.0 1.0 1.0 1.0 1.0 1.0 1.0 
0 0 0 0 0 0 0 0 0 0 
1.0 1.0 1.0 1.0 1.0 1.0 1.0 1.0 1.0 1.0 
0.25 0.5 0.75 1.0 1.0 1.0 1.0 1.0 1.0 1.0 
1.0 1.0 1.0 1.0 1.0 1.0 1.0 1.0 1.0 1.0 
0.25 0.5 0.75 1.0 1.0 1.0 1.0 1.0 1.0 1.0 
0.3333333333333333 0.6666666666666666 1.0 1.0 1.0 1.0 1.0 1.0 1.0 1.0 
0.3333333333333333 0.6666666666666666 1.0 1.0 1.0 1.0 1.0 1.0 1.0 1.0 
0.16666666666666666 0.3333333333333333 0.5 0.6666666666666666 0.8333333333333334 1.0 1.0 1.0 1.0 1.0 
0.25 0.5 0.75 1.0 1.0 1.0 1.0 1.0 1.0 1.0 
0.16666666666666666 0.3333333333333333 0.5 0.6666666666666666 0.8333333333333334 1.0 1.0 1.0 1.0 1.0 
0.2 0.4 0.6 0.8 1.0 1.0 1.0 1.0 1.0 1.0 
0.5 1.0 1.0 1.0 1.0 1.0 1.0 1.0 1.0 1.0 
0.25 0.5 0.75 1.0 1.0 1.0 1.0 1.0 1.0 1.0 
1.0 1.0 1.0 1.0 1.0 1.0 1.0 1.0 1.0 1.0 
0.25 0.5 0.75 1.0 1.0 1.0 1.0 1.0 1.0 1.0 
0.5 1.0 1.0 1.0 1.0 1.0 1.0 1.0 1.0 1.0 
0.25 0.5 0.75 1.0 1.0 1.0 1.0 1.0 1.0 1.0 
0.25 0.5 0.75 1.0 1.0 1.0 1.0 1.0 1.0 1.0 
0.5 1.0 1.0 1.0 1.0 1.0 1.0 1.0 1.0 1.0 
0.25 0.5 0.75 1.0 1.0 1.0 1.0 1.0 1.0 1.0 
0.3333333333333333 0.6666666666666666 1.0 1.0 1.0 1.0 1.0 1.0 1.0 1.0 
0 0 0 0 0 0 0 0 0 0 
0.3333333333333333 0.6666666666666666 1.0 1.0 1.0 1.0 1.0 1.0 1.0 1.0 
0.3333333333333333 0.6666666666666666 1.0 1.0 1.0 1.0 1.0 1.0 1.0 1.0 
0.125 0.25 0.375 0.5 0.625 0.75 0.875 1.0 1.0 1.0 
0.125 0.25 0.375 0.5 0.625 0.75 0.875 1.0 1.0 1.0 
0.5 0.5 1.0 1.0 1.0 1.0 1.0 1.0 1.0 1.0 
0.125 0.25 0.375 0.5 0.625 0.75 0.875 1.0 1.0 1.0 
0.16666666666666666 0.3333333333333333 0.5 0.6666666666666666 0.8333333333333334 1.0 1.0 1.0 1.0 1.0 
0.2 0.4 0.6 0.8 1.0 1.0 1.0 1.0 1.0 1.0 
0.3333333333333333 0.6666666666666666 1.0 1.0 1.0 1.0 1.0 1.0 1.0 1.0 
0.125 0.25 0.375 0.5 0.625 0.75 0.875 1.0 1.0 1.0 
0.3333333333333333 0.6666666666666666 0.6666666666666666 1.0 1.0 1.0 1.0 1.0 1.0 1.0 
0.3333333333333333 0.6666666666666666 1.0 1.0 1.0 1.0 1.0 1.0 1.0 1.0 
0.3333333333333333 0.6666666666666666 1.0 1.0 1.0 1.0 1.0 1.0 1.0 1.0 
0.5 1.0 1.0 1.0 1.0 1.0 1.0 1.0 1.0 1.0 
1.0 1.0 1.0 1.0 1.0 1.0 1.0 1.0 1.0 1.0 
0.5 1.0 1.0 1.0 1.0 1.0 1.0 1.0 1.0 1.0 
0.5 1.0 1.0 1.0 1.0 1.0 1.0 1.0 1.0 1.0 
0.5 1.0 1.0 1.0 1.0 1.0 1.0 1.0 1.0 1.0 
0.5 1.0 1.0 1.0 1.0 1.0 1.0 1.0 1.0 1.0 
0.25 0.5 0.75 1.0 1.0 1.0 1.0 1.0 1.0 1.0 
0.16666666666666666 0.3333333333333333 0.5 0.6666666666666666 0.8333333333333334 1.0 1.0 1.0 1.0 1.0 
0.14285714285714285 0.2857142857142857 0.42857142857142855 0.5714285714285714 0.7142857142857143 0.8571428571428571 1.0 1.0 1.0 1.0 
0.25 0.5 0.75 1.0 1.0 1.0 1.0 1.0 1.0 1.0 
0.3333333333333333 0.6666666666666666 1.0 1.0 1.0 1.0 1.0 1.0 1.0 1.0 
0.2 0.4 0.6 0.8 1.0 1.0 1.0 1.0 1.0 1.0 
0 0 0 0 0 0 0 0 0 0 
0.125 0.25 0.375 0.5 0.625 0.75 0.875 1.0 1.0 1.0 
0.2 0.4 0.6 0.8 1.0 1.0 1.0 1.0 1.0 1.0 
0.25 0.5 0.75 1.0 1.0 1.0 1.0 1.0 1.0 1.0 
0.5 1.0 1.0 1.0 1.0 1.0 1.0 1.0 1.0 1.0 
0.2 0.4 0.6 0.8 1.0 1.0 1.0 1.0 1.0 1.0 
0.3333333333333333 0.6666666666666666 1.0 1.0 1.0 1.0 1.0 1.0 1.0 1.0 
0.16666666666666666 0.3333333333333333 0.5 0.6666666666666666 0.8333333333333334 1.0 1.0 1.0 1.0 1.0 
0.1111111111111111 0.2222222222222222 0.3333333333333333 0.4444444444444444 0.5555555555555556 0.6666666666666666 0.7777777777777778 0.8888888888888888 1.0 1.0 
0.1111111111111111 0.2222222222222222 0.3333333333333333 0.4444444444444444 0.5555555555555556 0.6666666666666666 0.7777777777777778 0.8888888888888888 1.0 1.0 
0.3333333333333333 0.6666666666666666 1.0 1.0 1.0 1.0 1.0 1.0 1.0 1.0 
0.16666666666666666 0.3333333333333333 0.5 0.6666666666666666 0.8333333333333334 1.0 1.0 1.0 1.0 1.0 
1.0 1.0 1.0 1.0 1.0 1.0 1.0 1.0 1.0 1.0 

f1@ results:
0.25 0.4444444444444445 0.6 0.7272727272727273 0.8333333333333333 0.923076923076923 1.0 0.9333333333333333 0.8750000000000001 0.8235294117647058 
0.33333333333333337 0.5714285714285715 0.7499999999999999 0.888888888888889 1.0 0.9090909090909091 0.8333333333333333 0.7692307692307693 0.7142857142857143 0.6666666666666666 
0.6666666666666666 1.0 0.8 0.6666666666666666 0.5714285714285715 0.5 0.4444444444444445 0.4 0.3636363636363636 0.33333333333333337 
0.6666666666666666 1.0 0.8 0.6666666666666666 0.5714285714285715 0.5 0.4444444444444445 0.4 0.3636363636363636 0.33333333333333337 
1.0 0.6666666666666666 0.5 0.4 0.33333333333333337 0.2857142857142857 0.25 0.2222222222222222 0.19999999999999998 0.18181818181818182 
0.25 0.4444444444444445 0.6 0.7272727272727273 0.8333333333333333 0.923076923076923 1.0 0.9333333333333333 0.8750000000000001 0.8235294117647058 
0.6666666666666666 1.0 0.8 0.6666666666666666 0.5714285714285715 0.5 0.4444444444444445 0.4 0.3636363636363636 0.33333333333333337 
0.19999999999999998 0.3636363636363636 0.5 0.6153846153846153 0.7142857142857143 0.8 0.8750000000000001 0.9411764705882353 0.8888888888888888 0.9473684210526316 
0.33333333333333337 0.5714285714285715 0.7499999999999999 0.888888888888889 1.0 0.9090909090909091 0.8333333333333333 0.7692307692307693 0.7142857142857143 0.6666666666666666 
0.25 0.4444444444444445 0.6 0.7272727272727273 0.8333333333333333 0.923076923076923 1.0 0.9333333333333333 0.8750000000000001 0.8235294117647058 
0.5 0.8 1.0 0.8571428571428571 0.7499999999999999 0.6666666666666666 0.6 0.5454545454545454 0.5 0.4615384615384615 
0.5 0.8 1.0 0.8571428571428571 0.7499999999999999 0.6666666666666666 0.6 0.5454545454545454 0.5 0.4615384615384615 
0.33333333333333337 0.5714285714285715 0.7499999999999999 0.888888888888889 1.0 0.9090909090909091 0.8333333333333333 0.7692307692307693 0.7142857142857143 0.6666666666666666 
0 0 0 0 0 0 0 0 0 0 
0.6666666666666666 1.0 0.8 0.6666666666666666 0.5714285714285715 0.5 0.4444444444444445 0.4 0.3636363636363636 0.33333333333333337 
0.4 0.6666666666666666 0.8571428571428571 0.75 0.888888888888889 0.8 0.7272727272727273 0.6666666666666666 0.6153846153846153 0.5714285714285715 
0.6666666666666666 1.0 0.8 0.6666666666666666 0.5714285714285715 0.5 0.4444444444444445 0.4 0.3636363636363636 0.33333333333333337 
0 0 0 0 0 0 0 0 0 0 
0.2222222222222222 0.4 0.5454545454545454 0.6666666666666666 0.7692307692307693 0.8571428571428571 0.9333333333333333 1.0 0.9411764705882353 0.888888888888889 
0 0 0 0 0 0 0 0 0 0 
0.6666666666666666 1.0 0.8 0.6666666666666666 0.5714285714285715 0.5 0.4444444444444445 0.4 0.3636363636363636 0.33333333333333337 
0.2857142857142857 0.5 0.6666666666666666 0.8 0.9090909090909091 1.0 0.923076923076923 0.8571428571428571 0.8 0.7499999999999999 
0.6666666666666666 1.0 0.8 0.6666666666666666 0.5714285714285715 0.5 0.4444444444444445 0.4 0.3636363636363636 0.33333333333333337 
0 0 0 0 0 0 0 0 0 0 
0.33333333333333337 0.5714285714285715 0.7499999999999999 0.888888888888889 1.0 0.9090909090909091 0.8333333333333333 0.7692307692307693 0.7142857142857143 0.6666666666666666 
0.4 0.6666666666666666 0.8571428571428571 1.0 0.888888888888889 0.8 0.7272727272727273 0.6666666666666666 0.6153846153846153 0.5714285714285715 
0.5 0.8 1.0 0.8571428571428571 0.7499999999999999 0.6666666666666666 0.6 0.5454545454545454 0.5 0.4615384615384615 
0 0 0 0 0 0 0 0 0 0 
1.0 0.6666666666666666 0.5 0.4 0.33333333333333337 0.2857142857142857 0.25 0.2222222222222222 0.19999999999999998 0.18181818181818182 
0.2222222222222222 0.4 0.5454545454545454 0.6666666666666666 0.7692307692307693 0.8571428571428571 0.9333333333333333 1.0 0.9411764705882353 0.888888888888889 
0.19999999999999998 0.3636363636363636 0.5 0.6153846153846153 0.7142857142857143 0.8 0.8750000000000001 0.9411764705882353 1.0 0.9473684210526316 
0.2222222222222222 0.4 0.5454545454545454 0.6666666666666666 0.7692307692307693 0.8571428571428571 0.9333333333333333 1.0 0.9411764705882353 0.888888888888889 
0.5 0.8 1.0 0.8571428571428571 0.7499999999999999 0.6666666666666666 0.6 0.5454545454545454 0.5 0.4615384615384615 
0 0 0 0 0 0 0 0 0 0 
0.6666666666666666 0.5 0.8 0.6666666666666666 0.5714285714285715 0.5 0.4444444444444445 0.4 0.3636363636363636 0.33333333333333337 
0 0 0 0 0 0 0 0 0 0 
0.4 0.6666666666666666 0.8571428571428571 1.0 0.888888888888889 0.8 0.7272727272727273 0.6666666666666666 0.6153846153846153 0.5714285714285715 
0.6666666666666666 1.0 0.8 0.6666666666666666 0.5714285714285715 0.5 0.4444444444444445 0.4 0.3636363636363636 0.33333333333333337 
0.4 0.6666666666666666 0.8571428571428571 1.0 0.888888888888889 0.8 0.7272727272727273 0.6666666666666666 0.6153846153846153 0.5714285714285715 
0 0 0 0 0 0 0 0 0 0 
1.0 0.6666666666666666 0.5 0.4 0.33333333333333337 0.2857142857142857 0.25 0.2222222222222222 0.19999999999999998 0.18181818181818182 
0.4 0.6666666666666666 0.8571428571428571 1.0 0.888888888888889 0.8 0.7272727272727273 0.6666666666666666 0.6153846153846153 0.5714285714285715 
1.0 0.6666666666666666 0.5 0.4 0.33333333333333337 0.2857142857142857 0.25 0.2222222222222222 0.19999999999999998 0.18181818181818182 
0.4 0.6666666666666666 0.8571428571428571 1.0 0.888888888888889 0.8 0.7272727272727273 0.6666666666666666 0.6153846153846153 0.5714285714285715 
0.5 0.8 1.0 0.8571428571428571 0.7499999999999999 0.6666666666666666 0.6 0.5454545454545454 0.5 0.4615384615384615 
0.5 0.8 1.0 0.8571428571428571 0.7499999999999999 0.6666666666666666 0.6 0.5454545454545454 0.5 0.4615384615384615 
0.2857142857142857 0.5 0.6666666666666666 0.8 0.9090909090909091 1.0 0.923076923076923 0.8571428571428571 0.8 0.7499999999999999 
0.4 0.6666666666666666 0.8571428571428571 1.0 0.888888888888889 0.8 0.7272727272727273 0.6666666666666666 0.6153846153846153 0.5714285714285715 
0.2857142857142857 0.5 0.6666666666666666 0.8 0.9090909090909091 1.0 0.923076923076923 0.8571428571428571 0.8 0.7499999999999999 
0.33333333333333337 0.5714285714285715 0.7499999999999999 0.888888888888889 1.0 0.9090909090909091 0.8333333333333333 0.7692307692307693 0.7142857142857143 0.6666666666666666 
0.6666666666666666 1.0 0.8 0.6666666666666666 0.5714285714285715 0.5 0.4444444444444445 0.4 0.3636363636363636 0.33333333333333337 
0.4 0.6666666666666666 0.8571428571428571 1.0 0.888888888888889 0.8 0.7272727272727273 0.6666666666666666 0.6153846153846153 0.5714285714285715 
1.0 0.6666666666666666 0.5 0.4 0.33333333333333337 0.2857142857142857 0.25 0.2222222222222222 0.19999999999999998 0.18181818181818182 
0.4 0.6666666666666666 0.8571428571428571 1.0 0.888888888888889 0.8 0.7272727272727273 0.6666666666666666 0.6153846153846153 0.5714285714285715 
0.6666666666666666 1.0 0.8 0.6666666666666666 0.5714285714285715 0.5 0.4444444444444445 0.4 0.3636363636363636 0.33333333333333337 
0.4 0.6666666666666666 0.8571428571428571 1.0 0.888888888888889 0.8 0.7272727272727273 0.6666666666666666 0.6153846153846153 0.5714285714285715 
0.4 0.6666666666666666 0.8571428571428571 1.0 0.888888888888889 0.8 0.7272727272727273 0.6666666666666666 0.6153846153846153 0.5714285714285715 
0.6666666666666666 1.0 0.8 0.6666666666666666 0.5714285714285715 0.5 0.4444444444444445 0.4 0.3636363636363636 0.33333333333333337 
0.4 0.6666666666666666 0.8571428571428571 1.0 0.888888888888889 0.8 0.7272727272727273 0.6666666666666666 0.6153846153846153 0.5714285714285715 
0.5 0.8 1.0 0.8571428571428571 0.7499999999999999 0.6666666666666666 0.6 0.5454545454545454 0.5 0.4615384615384615 
0 0 0 0 0 0 0 0 0 0 
0.5 0.8 1.0 0.8571428571428571 0.7499999999999999 0.6666666666666666 0.6 0.5454545454545454 0.5 0.4615384615384615 
0.5 0.8 1.0 0.8571428571428571 0.7499999999999999 0.6666666666666666 0.6 0.5454545454545454 0.5 0.4615384615384615 
0.2222222222222222 0.4 0.5454545454545454 0.6666666666666666 0.7692307692307693 0.8571428571428571 0.9333333333333333 1.0 0.9411764705882353 0.888888888888889 
0.2222222222222222 0.4 0.5454545454545454 0.6666666666666666 0.7692307692307693 0.8571428571428571 0.9333333333333333 1.0 0.9411764705882353 0.888888888888889 
0.6666666666666666 0.5 0.8 0.6666666666666666 0.5714285714285715 0.5 0.4444444444444445 0.4 0.3636363636363636 0.33333333333333337 
0.2222222222222222 0.4 0.5454545454545454 0.6666666666666666 0.7692307692307693 0.8571428571428571 0.9333333333333333 1.0 0.9411764705882353 0.888888888888889 
0.2857142857142857 0.5 0.6666666666666666 0.8 0.9090909090909091 1.0 0.923076923076923 0.8571428571428571 0.8 0.7499999999999999 
0.33333333333333337 0.5714285714285715 0.7499999999999999 0.888888888888889 1.0 0.9090909090909091 0.8333333333333333 0.7692307692307693 0.7142857142857143 0.6666666666666666 
0.5 0.8 1.0 0.8571428571428571 0.7499999999999999 0.6666666666666666 0.6 0.5454545454545454 0.5 0.4615384615384615 
0.2222222222222222 0.4 0.5454545454545454 0.6666666666666666 0.7692307692307693 0.8571428571428571 0.9333333333333333 1.0 0.9411764705882353 0.888888888888889 
0.5 0.8 0.6666666666666666 0.8571428571428571 0.7499999999999999 0.6666666666666666 0.6 0.5454545454545454 0.5 0.4615384615384615 
0.5 0.8 1.0 0.8571428571428571 0.7499999999999999 0.6666666666666666 0.6 0.5454545454545454 0.5 0.4615384615384615 
0.5 0.8 1.0 0.8571428571428571 0.7499999999999999 0.6666666666666666 0.6 0.5454545454545454 0.5 0.4615384615384615 
0.6666666666666666 1.0 0.8 0.6666666666666666 0.5714285714285715 0.5 0.4444444444444445 0.4 0.3636363636363636 0.33333333333333337 
1.0 0.6666666666666666 0.5 0.4 0.33333333333333337 0.2857142857142857 0.25 0.2222222222222222 0.19999999999999998 0.18181818181818182 
0.6666666666666666 1.0 0.8 0.6666666666666666 0.5714285714285715 0.5 0.4444444444444445 0.4 0.3636363636363636 0.33333333333333337 
0.6666666666666666 1.0 0.8 0.6666666666666666 0.5714285714285715 0.5 0.4444444444444445 0.4 0.3636363636363636 0.33333333333333337 
0.6666666666666666 1.0 0.8 0.6666666666666666 0.5714285714285715 0.5 0.4444444444444445 0.4 0.3636363636363636 0.33333333333333337 
0.6666666666666666 1.0 0.8 0.6666666666666666 0.5714285714285715 0.5 0.4444444444444445 0.4 0.3636363636363636 0.33333333333333337 
0.4 0.6666666666666666 0.8571428571428571 1.0 0.888888888888889 0.8 0.7272727272727273 0.6666666666666666 0.6153846153846153 0.5714285714285715 
0.2857142857142857 0.5 0.6666666666666666 0.8 0.9090909090909091 1.0 0.923076923076923 0.8571428571428571 0.8 0.7499999999999999 
0.25 0.4444444444444445 0.6 0.7272727272727273 0.8333333333333333 0.923076923076923 1.0 0.9333333333333333 0.8750000000000001 0.8235294117647058 
0.4 0.6666666666666666 0.8571428571428571 1.0 0.888888888888889 0.8 0.7272727272727273 0.6666666666666666 0.6153846153846153 0.5714285714285715 
0.5 0.8 1.0 0.8571428571428571 0.7499999999999999 0.6666666666666666 0.6 0.5454545454545454 0.5 0.4615384615384615 
0.33333333333333337 0.5714285714285715 0.7499999999999999 0.888888888888889 1.0 0.9090909090909091 0.8333333333333333 0.7692307692307693 0.7142857142857143 0.6666666666666666 
0 0 0 0 0 0 0 0 0 0 
0.2222222222222222 0.4 0.5454545454545454 0.6666666666666666 0.7692307692307693 0.8571428571428571 0.9333333333333333 1.0 0.9411764705882353 0.888888888888889 
0.33333333333333337 0.5714285714285715 0.7499999999999999 0.888888888888889 1.0 0.9090909090909091 0.8333333333333333 0.7692307692307693 0.7142857142857143 0.6666666666666666 
0.4 0.6666666666666666 0.8571428571428571 1.0 0.888888888888889 0.8 0.7272727272727273 0.6666666666666666 0.6153846153846153 0.5714285714285715 
0.6666666666666666 1.0 0.8 0.6666666666666666 0.5714285714285715 0.5 0.4444444444444445 0.4 0.3636363636363636 0.33333333333333337 
0.33333333333333337 0.5714285714285715 0.7499999999999999 0.888888888888889 1.0 0.9090909090909091 0.8333333333333333 0.7692307692307693 0.7142857142857143 0.6666666666666666 
0.5 0.8 1.0 0.8571428571428571 0.7499999999999999 0.6666666666666666 0.6 0.5454545454545454 0.5 0.4615384615384615 
0.2857142857142857 0.5 0.6666666666666666 0.8 0.9090909090909091 1.0 0.923076923076923 0.8571428571428571 0.8 0.7499999999999999 
0.19999999999999998 0.3636363636363636 0.5 0.6153846153846153 0.7142857142857143 0.8 0.8750000000000001 0.9411764705882353 1.0 0.9473684210526316 
0.19999999999999998 0.3636363636363636 0.5 0.6153846153846153 0.7142857142857143 0.8 0.8750000000000001 0.9411764705882353 1.0 0.9473684210526316 
0.5 0.8 1.0 0.8571428571428571 0.7499999999999999 0.6666666666666666 0.6 0.5454545454545454 0.5 0.4615384615384615 
0.2857142857142857 0.5 0.6666666666666666 0.8 0.9090909090909091 1.0 0.923076923076923 0.8571428571428571 0.8 0.7499999999999999 
1.0 0.6666666666666666 0.5 0.4 0.33333333333333337 0.2857142857142857 0.25 0.2222222222222222 0.19999999999999998 0.18181818181818182 

f0.5@ results:
0.4545454545454545 0.6666666666666666 0.7894736842105262 0.8695652173913042 0.9259259259259259 0.9677419354838709 1.0 0.8974358974358975 0.813953488372093 0.7446808510638298 
0.5555555555555556 0.7692307692307692 0.8823529411764706 0.9523809523809523 1.0 0.8620689655172415 0.7575757575757576 0.6756756756756757 0.6097560975609756 0.5555555555555556 
0.8333333333333334 1.0 0.7142857142857142 0.5555555555555556 0.45454545454545453 0.3846153846153846 0.3333333333333333 0.29411764705882354 0.2631578947368421 0.23809523809523808 
0.8333333333333334 1.0 0.7142857142857142 0.5555555555555556 0.45454545454545453 0.3846153846153846 0.3333333333333333 0.29411764705882354 0.2631578947368421 0.23809523809523808 
1.0 0.5555555555555556 0.3846153846153846 0.29411764705882354 0.23809523809523808 0.19999999999999996 0.17241379310344823 0.15151515151515152 0.13513513513513514 0.12195121951219513 
0.4545454545454545 0.6666666666666666 0.7894736842105262 0.8695652173913042 0.9259259259259259 0.9677419354838709 1.0 0.8974358974358975 0.813953488372093 0.7446808510638298 
0.8333333333333334 1.0 0.7142857142857142 0.5555555555555556 0.45454545454545453 0.3846153846153846 0.3333333333333333 0.29411764705882354 0.2631578947368421 0.23809523809523808 
0.38461538461538464 0.5882352941176471 0.7142857142857143 0.8 0.8620689655172413 0.9090909090909091 0.945945945945946 0.9756097560975611 0.8888888888888888 0.9183673469387754 
0.5555555555555556 0.7692307692307692 0.8823529411764706 0.9523809523809523 1.0 0.8620689655172415 0.7575757575757576 0.6756756756756757 0.6097560975609756 0.5555555555555556 
0.4545454545454545 0.6666666666666666 0.7894736842105262 0.8695652173913042 0.9259259259259259 0.9677419354838709 1.0 0.8974358974358975 0.813953488372093 0.7446808510638298 
0.7142857142857143 0.9090909090909091 1.0 0.7894736842105263 0.6521739130434783 0.5555555555555556 0.48387096774193544 0.42857142857142855 0.3846153846153846 0.3488372093023256 
0.7142857142857143 0.9090909090909091 1.0 0.7894736842105263 0.6521739130434783 0.5555555555555556 0.48387096774193544 0.42857142857142855 0.3846153846153846 0.3488372093023256 
0.5555555555555556 0.7692307692307692 0.8823529411764706 0.9523809523809523 1.0 0.8620689655172415 0.7575757575757576 0.6756756756756757 0.6097560975609756 0.5555555555555556 
0 0 0 0 0 0 0 0 0 0 
0.8333333333333334 1.0 0.7142857142857142 0.5555555555555556 0.45454545454545453 0.3846153846153846 0.3333333333333333 0.29411764705882354 0.2631578947368421 0.23809523809523808 
0.625 0.8333333333333334 0.9375 0.75 0.8333333333333334 0.7142857142857142 0.625 0.5555555555555556 0.5 0.45454545454545453 
0.8333333333333334 1.0 0.7142857142857142 0.5555555555555556 0.45454545454545453 0.3846153846153846 0.3333333333333333 0.29411764705882354 0.2631578947368421 0.23809523809523808 
0 0 0 0 0 0 0 0 0 0 
0.4166666666666667 0.625 0.75 0.8333333333333334 0.8928571428571429 0.9375 0.9722222222222222 1.0 0.9090909090909091 0.8333333333333334 
0 0 0 0 0 0 0 0 0 0 
0.8333333333333334 1.0 0.7142857142857142 0.5555555555555556 0.45454545454545453 0.3846153846153846 0.3333333333333333 0.29411764705882354 0.2631578947368421 0.23809523809523808 
0.5 0.7142857142857143 0.8333333333333334 0.9090909090909091 0.9615384615384615 1.0 0.8823529411764707 0.7894736842105263 0.7142857142857142 0.6521739130434783 
0.8333333333333334 1.0 0.7142857142857142 0.5555555555555556 0.45454545454545453 0.3846153846153846 0.3333333333333333 0.29411764705882354 0.2631578947368421 0.23809523809523808 
0 0 0 0 0 0 0 0 0 0 
0.5555555555555556 0.7692307692307692 0.8823529411764706 0.9523809523809523 1.0 0.8620689655172415 0.7575757575757576 0.6756756756756757 0.6097560975609756 0.5555555555555556 
0.625 0.8333333333333334 0.9375 1.0 0.8333333333333334 0.7142857142857142 0.625 0.5555555555555556 0.5 0.45454545454545453 
0.7142857142857143 0.9090909090909091 1.0 0.7894736842105263 0.6521739130434783 0.5555555555555556 0.48387096774193544 0.42857142857142855 0.3846153846153846 0.3488372093023256 
0 0 0 0 0 0 0 0 0 0 
1.0 0.5555555555555556 0.3846153846153846 0.29411764705882354 0.23809523809523808 0.19999999999999996 0.17241379310344823 0.15151515151515152 0.13513513513513514 0.12195121951219513 
0.4166666666666667 0.625 0.75 0.8333333333333334 0.8928571428571429 0.9375 0.9722222222222222 1.0 0.9090909090909091 0.8333333333333334 
0.38461538461538464 0.5882352941176471 0.7142857142857143 0.8 0.8620689655172413 0.9090909090909091 0.945945945945946 0.9756097560975611 1.0 0.9183673469387754 
0.4166666666666667 0.625 0.75 0.8333333333333334 0.8928571428571429 0.9375 0.9722222222222222 1.0 0.9090909090909091 0.8333333333333334 
0.7142857142857143 0.9090909090909091 1.0 0.7894736842105263 0.6521739130434783 0.5555555555555556 0.48387096774193544 0.42857142857142855 0.3846153846153846 0.3488372093023256 
0 0 0 0 0 0 0 0 0 0 
0.8333333333333334 0.5 0.7142857142857142 0.5555555555555556 0.45454545454545453 0.3846153846153846 0.3333333333333333 0.29411764705882354 0.2631578947368421 0.23809523809523808 
0 0 0 0 0 0 0 0 0 0 
0.625 0.8333333333333334 0.9375 1.0 0.8333333333333334 0.7142857142857142 0.625 0.5555555555555556 0.5 0.45454545454545453 
0.8333333333333334 1.0 0.7142857142857142 0.5555555555555556 0.45454545454545453 0.3846153846153846 0.3333333333333333 0.29411764705882354 0.2631578947368421 0.23809523809523808 
0.625 0.8333333333333334 0.9375 1.0 0.8333333333333334 0.7142857142857142 0.625 0.5555555555555556 0.5 0.45454545454545453 
0 0 0 0 0 0 0 0 0 0 
1.0 0.5555555555555556 0.3846153846153846 0.29411764705882354 0.23809523809523808 0.19999999999999996 0.17241379310344823 0.15151515151515152 0.13513513513513514 0.12195121951219513 
0.625 0.8333333333333334 0.9375 1.0 0.8333333333333334 0.7142857142857142 0.625 0.5555555555555556 0.5 0.45454545454545453 
1.0 0.5555555555555556 0.3846153846153846 0.29411764705882354 0.23809523809523808 0.19999999999999996 0.17241379310344823 0.15151515151515152 0.13513513513513514 0.12195121951219513 
0.625 0.8333333333333334 0.9375 1.0 0.8333333333333334 0.7142857142857142 0.625 0.5555555555555556 0.5 0.45454545454545453 
0.7142857142857143 0.9090909090909091 1.0 0.7894736842105263 0.6521739130434783 0.5555555555555556 0.48387096774193544 0.42857142857142855 0.3846153846153846 0.3488372093023256 
0.7142857142857143 0.9090909090909091 1.0 0.7894736842105263 0.6521739130434783 0.5555555555555556 0.48387096774193544 0.42857142857142855 0.3846153846153846 0.3488372093023256 
0.5 0.7142857142857143 0.8333333333333334 0.9090909090909091 0.9615384615384615 1.0 0.8823529411764707 0.7894736842105263 0.7142857142857142 0.6521739130434783 
0.625 0.8333333333333334 0.9375 1.0 0.8333333333333334 0.7142857142857142 0.625 0.5555555555555556 0.5 0.45454545454545453 
0.5 0.7142857142857143 0.8333333333333334 0.9090909090909091 0.9615384615384615 1.0 0.8823529411764707 0.7894736842105263 0.7142857142857142 0.6521739130434783 
0.5555555555555556 0.7692307692307692 0.8823529411764706 0.9523809523809523 1.0 0.8620689655172415 0.7575757575757576 0.6756756756756757 0.6097560975609756 0.5555555555555556 
0.8333333333333334 1.0 0.7142857142857142 0.5555555555555556 0.45454545454545453 0.3846153846153846 0.3333333333333333 0.29411764705882354 0.2631578947368421 0.23809523809523808 
0.625 0.8333333333333334 0.9375 1.0 0.8333333333333334 0.7142857142857142 0.625 0.5555555555555556 0.5 0.45454545454545453 
1.0 0.5555555555555556 0.3846153846153846 0.29411764705882354 0.23809523809523808 0.19999999999999996 0.17241379310344823 0.15151515151515152 0.13513513513513514 0.12195121951219513 
0.625 0.8333333333333334 0.9375 1.0 0.8333333333333334 0.7142857142857142 0.625 0.5555555555555556 0.5 0.45454545454545453 
0.8333333333333334 1.0 0.7142857142857142 0.5555555555555556 0.45454545454545453 0.3846153846153846 0.3333333333333333 0.29411764705882354 0.2631578947368421 0.23809523809523808 
0.625 0.8333333333333334 0.9375 1.0 0.8333333333333334 0.7142857142857142 0.625 0.5555555555555556 0.5 0.45454545454545453 
0.625 0.8333333333333334 0.9375 1.0 0.8333333333333334 0.7142857142857142 0.625 0.5555555555555556 0.5 0.45454545454545453 
0.8333333333333334 1.0 0.7142857142857142 0.5555555555555556 0.45454545454545453 0.3846153846153846 0.3333333333333333 0.29411764705882354 0.2631578947368421 0.23809523809523808 
0.625 0.8333333333333334 0.9375 1.0 0.8333333333333334 0.7142857142857142 0.625 0.5555555555555556 0.5 0.45454545454545453 
0.7142857142857143 0.9090909090909091 1.0 0.7894736842105263 0.6521739130434783 0.5555555555555556 0.48387096774193544 0.42857142857142855 0.3846153846153846 0.3488372093023256 
0 0 0 0 0 0 0 0 0 0 
0.7142857142857143 0.9090909090909091 1.0 0.7894736842105263 0.6521739130434783 0.5555555555555556 0.48387096774193544 0.42857142857142855 0.3846153846153846 0.3488372093023256 
0.7142857142857143 0.9090909090909091 1.0 0.7894736842105263 0.6521739130434783 0.5555555555555556 0.48387096774193544 0.42857142857142855 0.3846153846153846 0.3488372093023256 
0.4166666666666667 0.625 0.75 0.8333333333333334 0.8928571428571429 0.9375 0.9722222222222222 1.0 0.9090909090909091 0.8333333333333334 
0.4166666666666667 0.625 0.75 0.8333333333333334 0.8928571428571429 0.9375 0.9722222222222222 1.0 0.9090909090909091 0.8333333333333334 
0.8333333333333334 0.5 0.7142857142857142 0.5555555555555556 0.45454545454545453 0.3846153846153846 0.3333333333333333 0.29411764705882354 0.2631578947368421 0.23809523809523808 
0.4166666666666667 0.625 0.75 0.8333333333333334 0.8928571428571429 0.9375 0.9722222222222222 1.0 0.9090909090909091 0.8333333333333334 
0.5 0.7142857142857143 0.8333333333333334 0.9090909090909091 0.9615384615384615 1.0 0.8823529411764707 0.7894736842105263 0.7142857142857142 0.6521739130434783 
0.5555555555555556 0.7692307692307692 0.8823529411764706 0.9523809523809523 1.0 0.8620689655172415 0.7575757575757576 0.6756756756756757 0.6097560975609756 0.5555555555555556 
0.7142857142857143 0.9090909090909091 1.0 0.7894736842105263 0.6521739130434783 0.5555555555555556 0.48387096774193544 0.42857142857142855 0.3846153846153846 0.3488372093023256 
0.4166666666666667 0.625 0.75 0.8333333333333334 0.8928571428571429 0.9375 0.9722222222222222 1.0 0.9090909090909091 0.8333333333333334 
0.7142857142857143 0.9090909090909091 0.6666666666666666 0.7894736842105263 0.6521739130434783 0.5555555555555556 0.48387096774193544 0.42857142857142855 0.3846153846153846 0.3488372093023256 
0.7142857142857143 0.9090909090909091 1.0 0.7894736842105263 0.6521739130434783 0.5555555555555556 0.48387096774193544 0.42857142857142855 0.3846153846153846 0.3488372093023256 
0.7142857142857143 0.9090909090909091 1.0 0.7894736842105263 0.6521739130434783 0.5555555555555556 0.48387096774193544 0.42857142857142855 0.3846153846153846 0.3488372093023256 
0.8333333333333334 1.0 0.7142857142857142 0.5555555555555556 0.45454545454545453 0.3846153846153846 0.3333333333333333 0.29411764705882354 0.2631578947368421 0.23809523809523808 
1.0 0.5555555555555556 0.3846153846153846 0.29411764705882354 0.23809523809523808 0.19999999999999996 0.17241379310344823 0.15151515151515152 0.13513513513513514 0.12195121951219513 
0.8333333333333334 1.0 0.7142857142857142 0.5555555555555556 0.45454545454545453 0.3846153846153846 0.3333333333333333 0.29411764705882354 0.2631578947368421 0.23809523809523808 
0.8333333333333334 1.0 0.7142857142857142 0.5555555555555556 0.45454545454545453 0.3846153846153846 0.3333333333333333 0.29411764705882354 0.2631578947368421 0.23809523809523808 
0.8333333333333334 1.0 0.7142857142857142 0.5555555555555556 0.45454545454545453 0.3846153846153846 0.3333333333333333 0.29411764705882354 0.2631578947368421 0.23809523809523808 
0.8333333333333334 1.0 0.7142857142857142 0.5555555555555556 0.45454545454545453 0.3846153846153846 0.3333333333333333 0.29411764705882354 0.2631578947368421 0.23809523809523808 
0.625 0.8333333333333334 0.9375 1.0 0.8333333333333334 0.7142857142857142 0.625 0.5555555555555556 0.5 0.45454545454545453 
0.5 0.7142857142857143 0.8333333333333334 0.9090909090909091 0.9615384615384615 1.0 0.8823529411764707 0.7894736842105263 0.7142857142857142 0.6521739130434783 
0.4545454545454545 0.6666666666666666 0.7894736842105262 0.8695652173913042 0.9259259259259259 0.9677419354838709 1.0 0.8974358974358975 0.813953488372093 0.7446808510638298 
0.625 0.8333333333333334 0.9375 1.0 0.8333333333333334 0.7142857142857142 0.625 0.5555555555555556 0.5 0.45454545454545453 
0.7142857142857143 0.9090909090909091 1.0 0.7894736842105263 0.6521739130434783 0.5555555555555556 0.48387096774193544 0.42857142857142855 0.3846153846153846 0.3488372093023256 
0.5555555555555556 0.7692307692307692 0.8823529411764706 0.9523809523809523 1.0 0.8620689655172415 0.7575757575757576 0.6756756756756757 0.6097560975609756 0.5555555555555556 
0 0 0 0 0 0 0 0 0 0 
0.4166666666666667 0.625 0.75 0.8333333333333334 0.8928571428571429 0.9375 0.9722222222222222 1.0 0.9090909090909091 0.8333333333333334 
0.5555555555555556 0.7692307692307692 0.8823529411764706 0.9523809523809523 1.0 0.8620689655172415 0.7575757575757576 0.6756756756756757 0.6097560975609756 0.5555555555555556 
0.625 0.8333333333333334 0.9375 1.0 0.8333333333333334 0.7142857142857142 0.625 0.5555555555555556 0.5 0.45454545454545453 
0.8333333333333334 1.0 0.7142857142857142 0.5555555555555556 0.45454545454545453 0.3846153846153846 0.3333333333333333 0.29411764705882354 0.2631578947368421 0.23809523809523808 
0.5555555555555556 0.7692307692307692 0.8823529411764706 0.9523809523809523 1.0 0.8620689655172415 0.7575757575757576 0.6756756756756757 0.6097560975609756 0.5555555555555556 
0.7142857142857143 0.9090909090909091 1.0 0.7894736842105263 0.6521739130434783 0.5555555555555556 0.48387096774193544 0.42857142857142855 0.3846153846153846 0.3488372093023256 
0.5 0.7142857142857143 0.8333333333333334 0.9090909090909091 0.9615384615384615 1.0 0.8823529411764707 0.7894736842105263 0.7142857142857142 0.6521739130434783 
0.38461538461538464 0.5882352941176471 0.7142857142857143 0.8 0.8620689655172413 0.9090909090909091 0.945945945945946 0.9756097560975611 1.0 0.9183673469387754 
0.38461538461538464 0.5882352941176471 0.7142857142857143 0.8 0.8620689655172413 0.9090909090909091 0.945945945945946 0.9756097560975611 1.0 0.9183673469387754 
0.7142857142857143 0.9090909090909091 1.0 0.7894736842105263 0.6521739130434783 0.5555555555555556 0.48387096774193544 0.42857142857142855 0.3846153846153846 0.3488372093023256 
0.5 0.7142857142857143 0.8333333333333334 0.9090909090909091 0.9615384615384615 1.0 0.8823529411764707 0.7894736842105263 0.7142857142857142 0.6521739130434783 
1.0 0.5555555555555556 0.3846153846153846 0.29411764705882354 0.23809523809523808 0.19999999999999996 0.17241379310344823 0.15151515151515152 0.13513513513513514 0.12195121951219513 

