prescision@ average results:
0.8282828282828283 0.7525252525252525 0.6632996632996632 0.5732323232323232 0.4828282828282828 

recall@ average results:
0.37626262626262635 0.6010101010101008 0.7314814814814814 0.8030303030303029 0.8282828282828283 

F1@ average results:
0.482154882154882 0.6274170274170268 0.6572390572390567 0.6345198011864672 0.58032708032708 

F0.5@ average results:
0.6215929132595803 0.6857502766593676 0.6545865626747981 0.5923848539947615 0.5150745170508014 

prescision@ results:
1.0 1.0 0.6666666666666666 0.75 0.6 
1.0 1.0 1.0 0.75 0.6 
1.0 1.0 1.0 0.75 0.6 
1.0 1.0 0.6666666666666666 0.5 0.4 
1.0 0.5 0.3333333333333333 0.25 0.2 
1.0 1.0 0.6666666666666666 0.5 0.4 
1.0 1.0 1.0 1.0 0.8 
1.0 1.0 1.0 1.0 0.8 
1.0 1.0 1.0 1.0 1.0 
1.0 1.0 1.0 0.75 0.8 
1.0 1.0 0.6666666666666666 0.5 0.4 
1.0 1.0 0.6666666666666666 0.5 0.4 
0 0 0 0 0 
1.0 0.5 0.3333333333333333 0.25 0.2 
1.0 1.0 1.0 1.0 0.8 
0 0 0 0 0 
1.0 1.0 0.6666666666666666 0.5 0.4 
1.0 1.0 1.0 1.0 0.8 
1.0 1.0 1.0 0.75 0.6 
0 0 0 0 0 
1.0 0.5 0.3333333333333333 0.25 0.2 
1.0 0.5 0.3333333333333333 0.25 0.2 
1.0 0.5 0.3333333333333333 0.25 0.2 
1.0 1.0 1.0 1.0 0.8 
1.0 1.0 1.0 1.0 1.0 
1.0 1.0 1.0 1.0 0.8 
1.0 1.0 0.6666666666666666 0.5 0.4 
1.0 1.0 1.0 1.0 0.8 
1.0 0.5 0.3333333333333333 0.25 0.2 
0 0 0 0 0 
1.0 1.0 1.0 1.0 1.0 
1.0 1.0 1.0 1.0 0.8 
1.0 1.0 1.0 1.0 1.0 
1.0 0.5 0.3333333333333333 0.25 0.2 
1.0 0.5 0.3333333333333333 0.25 0.2 
1.0 1.0 0.6666666666666666 0.5 0.4 
0 0 0 0 0 
0 0 0 0 0 
0 0 0 0 0 
1.0 1.0 0.6666666666666666 0.5 0.4 
1.0 1.0 1.0 1.0 1.0 
1.0 1.0 1.0 0.75 0.6 
0 0 0 0 0 
1.0 1.0 0.6666666666666666 0.5 0.4 
1.0 1.0 1.0 0.75 0.6 
1.0 1.0 1.0 0.75 0.6 
1.0 1.0 1.0 0.75 0.6 
1.0 1.0 0.6666666666666666 0.5 0.4 
1.0 1.0 1.0 1.0 0.8 
1.0 1.0 1.0 1.0 0.8 
0 0 0 0 0 
1.0 1.0 0.6666666666666666 0.5 0.4 
1.0 1.0 1.0 0.75 0.6 
1.0 1.0 1.0 0.75 0.6 
1.0 0.5 0.3333333333333333 0.25 0.2 
1.0 0.5 0.3333333333333333 0.25 0.2 
1.0 1.0 1.0 1.0 0.8 
1.0 1.0 0.6666666666666666 0.5 0.4 
1.0 1.0 1.0 1.0 0.8 
1.0 1.0 1.0 1.0 0.8 
0 0 0 0 0 
1.0 1.0 0.6666666666666666 0.5 0.4 
0 0 0 0 0 
1.0 1.0 1.0 1.0 1.0 
1.0 0.5 0.3333333333333333 0.25 0.2 
1.0 1.0 1.0 0.75 0.6 
1.0 1.0 1.0 1.0 0.8 
0 0 0 0 0 
1.0 1.0 0.6666666666666666 0.5 0.4 
1.0 1.0 1.0 1.0 0.8 
1.0 1.0 1.0 0.75 0.8 
1.0 0.5 0.3333333333333333 0.25 0.2 
1.0 1.0 1.0 0.75 0.6 
1.0 0.5 0.3333333333333333 0.25 0.2 
1.0 0.5 0.3333333333333333 0.25 0.2 
1.0 1.0 1.0 0.75 0.6 
0 0 0 0 0 
1.0 1.0 0.6666666666666666 0.5 0.4 
1.0 1.0 1.0 1.0 0.8 
1.0 1.0 0.6666666666666666 0.5 0.4 
1.0 1.0 1.0 0.75 0.6 
1.0 1.0 1.0 0.75 0.6 
1.0 1.0 1.0 0.75 0.6 
1.0 1.0 1.0 1.0 0.8 
0 0 0 0 0 
1.0 1.0 1.0 1.0 1.0 
1.0 1.0 0.6666666666666666 0.5 0.4 
1.0 1.0 1.0 1.0 1.0 
0 0 0 0 0 
1.0 1.0 0.6666666666666666 0.5 0.4 
0 0 0 0 0 
1.0 1.0 1.0 1.0 0.8 
0 0 0 0 0 
1.0 1.0 1.0 1.0 1.0 
1.0 1.0 1.0 0.75 0.6 
1.0 1.0 1.0 1.0 1.0 
1.0 1.0 1.0 1.0 0.8 
1.0 1.0 1.0 0.75 0.6 
1.0 0.5 0.3333333333333333 0.25 0.2 

recall@ results:
0.3333333333333333 0.6666666666666666 0.6666666666666666 1.0 1.0 
0.3333333333333333 0.6666666666666666 1.0 1.0 1.0 
0.3333333333333333 0.6666666666666666 1.0 1.0 1.0 
0.5 1.0 1.0 1.0 1.0 
1.0 1.0 1.0 1.0 1.0 
0.5 1.0 1.0 1.0 1.0 
0.25 0.5 0.75 1.0 1.0 
0.25 0.5 0.75 1.0 1.0 
0.2 0.4 0.6 0.8 1.0 
0.25 0.5 0.75 0.75 1.0 
0.5 1.0 1.0 1.0 1.0 
0.5 1.0 1.0 1.0 1.0 
0 0 0 0 0 
1.0 1.0 1.0 1.0 1.0 
0.25 0.5 0.75 1.0 1.0 
0 0 0 0 0 
0.5 1.0 1.0 1.0 1.0 
0.25 0.5 0.75 1.0 1.0 
0.3333333333333333 0.6666666666666666 1.0 1.0 1.0 
0 0 0 0 0 
1.0 1.0 1.0 1.0 1.0 
1.0 1.0 1.0 1.0 1.0 
1.0 1.0 1.0 1.0 1.0 
0.25 0.5 0.75 1.0 1.0 
0.2 0.4 0.6 0.8 1.0 
0.25 0.5 0.75 1.0 1.0 
0.5 1.0 1.0 1.0 1.0 
0.25 0.5 0.75 1.0 1.0 
1.0 1.0 1.0 1.0 1.0 
0 0 0 0 0 
0.2 0.4 0.6 0.8 1.0 
0.25 0.5 0.75 1.0 1.0 
0.2 0.4 0.6 0.8 1.0 
1.0 1.0 1.0 1.0 1.0 
1.0 1.0 1.0 1.0 1.0 
0.5 1.0 1.0 1.0 1.0 
0 0 0 0 0 
0 0 0 0 0 
0 0 0 0 0 
0.5 1.0 1.0 1.0 1.0 
0.2 0.4 0.6 0.8 1.0 
0.3333333333333333 0.6666666666666666 1.0 1.0 1.0 
0 0 0 0 0 
0.5 1.0 1.0 1.0 1.0 
0.3333333333333333 0.6666666666666666 1.0 1.0 1.0 
0.3333333333333333 0.6666666666666666 1.0 1.0 1.0 
0.3333333333333333 0.6666666666666666 1.0 1.0 1.0 
0.5 1.0 1.0 1.0 1.0 
0.25 0.5 0.75 1.0 1.0 
0.25 0.5 0.75 1.0 1.0 
0 0 0 0 0 
0.5 1.0 1.0 1.0 1.0 
0.3333333333333333 0.6666666666666666 1.0 1.0 1.0 
0.3333333333333333 0.6666666666666666 1.0 1.0 1.0 
1.0 1.0 1.0 1.0 1.0 
1.0 1.0 1.0 1.0 1.0 
0.25 0.5 0.75 1.0 1.0 
0.5 1.0 1.0 1.0 1.0 
0.25 0.5 0.75 1.0 1.0 
0.25 0.5 0.75 1.0 1.0 
0 0 0 0 0 
0.5 1.0 1.0 1.0 1.0 
0 0 0 0 0 
0.2 0.4 0.6 0.8 1.0 
1.0 1.0 1.0 1.0 1.0 
0.3333333333333333 0.6666666666666666 1.0 1.0 1.0 
0.25 0.5 0.75 1.0 1.0 
0 0 0 0 0 
0.5 1.0 1.0 1.0 1.0 
0.25 0.5 0.75 1.0 1.0 
0.25 0.5 0.75 0.75 1.0 
1.0 1.0 1.0 1.0 1.0 
0.3333333333333333 0.6666666666666666 1.0 1.0 1.0 
1.0 1.0 1.0 1.0 1.0 
1.0 1.0 1.0 1.0 1.0 
0.3333333333333333 0.6666666666666666 1.0 1.0 1.0 
0 0 0 0 0 
0.5 1.0 1.0 1.0 1.0 
0.25 0.5 0.75 1.0 1.0 
0.5 1.0 1.0 1.0 1.0 
0.3333333333333333 0.6666666666666666 1.0 1.0 1.0 
0.3333333333333333 0.6666666666666666 1.0 1.0 1.0 
0.3333333333333333 0.6666666666666666 1.0 1.0 1.0 
0.25 0.5 0.75 1.0 1.0 
0 0 0 0 0 
0.2 0.4 0.6 0.8 1.0 
0.5 1.0 1.0 1.0 1.0 
0.2 0.4 0.6 0.8 1.0 
0 0 0 0 0 
0.5 1.0 1.0 1.0 1.0 
0 0 0 0 0 
0.25 0.5 0.75 1.0 1.0 
0 0 0 0 0 
0.2 0.4 0.6 0.8 1.0 
0.3333333333333333 0.6666666666666666 1.0 1.0 1.0 
0.2 0.4 0.6 0.8 1.0 
0.25 0.5 0.75 1.0 1.0 
0.3333333333333333 0.6666666666666666 1.0 1.0 1.0 
1.0 1.0 1.0 1.0 1.0 

f1@ results:
0.5 0.8 0.6666666666666666 0.8571428571428571 0.7499999999999999 
0.5 0.8 1.0 0.8571428571428571 0.7499999999999999 
0.5 0.8 1.0 0.8571428571428571 0.7499999999999999 
0.6666666666666666 1.0 0.8 0.6666666666666666 0.5714285714285715 
1.0 0.6666666666666666 0.5 0.4 0.33333333333333337 
0.6666666666666666 1.0 0.8 0.6666666666666666 0.5714285714285715 
0.4 0.6666666666666666 0.8571428571428571 1.0 0.888888888888889 
0.4 0.6666666666666666 0.8571428571428571 1.0 0.888888888888889 
0.33333333333333337 0.5714285714285715 0.7499999999999999 0.888888888888889 1.0 
0.4 0.6666666666666666 0.8571428571428571 0.75 0.888888888888889 
0.6666666666666666 1.0 0.8 0.6666666666666666 0.5714285714285715 
0.6666666666666666 1.0 0.8 0.6666666666666666 0.5714285714285715 
0 0 0 0 0 
1.0 0.6666666666666666 0.5 0.4 0.33333333333333337 
0.4 0.6666666666666666 0.8571428571428571 1.0 0.888888888888889 
0 0 0 0 0 
0.6666666666666666 1.0 0.8 0.6666666666666666 0.5714285714285715 
0.4 0.6666666666666666 0.8571428571428571 1.0 0.888888888888889 
0.5 0.8 1.0 0.8571428571428571 0.7499999999999999 
0 0 0 0 0 
1.0 0.6666666666666666 0.5 0.4 0.33333333333333337 
1.0 0.6666666666666666 0.5 0.4 0.33333333333333337 
1.0 0.6666666666666666 0.5 0.4 0.33333333333333337 
0.4 0.6666666666666666 0.8571428571428571 1.0 0.888888888888889 
0.33333333333333337 0.5714285714285715 0.7499999999999999 0.888888888888889 1.0 
0.4 0.6666666666666666 0.8571428571428571 1.0 0.888888888888889 
0.6666666666666666 1.0 0.8 0.6666666666666666 0.5714285714285715 
0.4 0.6666666666666666 0.8571428571428571 1.0 0.888888888888889 
1.0 0.6666666666666666 0.5 0.4 0.33333333333333337 
0 0 0 0 0 
0.33333333333333337 0.5714285714285715 0.7499999999999999 0.888888888888889 1.0 
0.4 0.6666666666666666 0.8571428571428571 1.0 0.888888888888889 
0.33333333333333337 0.5714285714285715 0.7499999999999999 0.888888888888889 1.0 
1.0 0.6666666666666666 0.5 0.4 0.33333333333333337 
1.0 0.6666666666666666 0.5 0.4 0.33333333333333337 
0.6666666666666666 1.0 0.8 0.6666666666666666 0.5714285714285715 
0 0 0 0 0 
0 0 0 0 0 
0 0 0 0 0 
0.6666666666666666 1.0 0.8 0.6666666666666666 0.5714285714285715 
0.33333333333333337 0.5714285714285715 0.7499999999999999 0.888888888888889 1.0 
0.5 0.8 1.0 0.8571428571428571 0.7499999999999999 
0 0 0 0 0 
0.6666666666666666 1.0 0.8 0.6666666666666666 0.5714285714285715 
0.5 0.8 1.0 0.8571428571428571 0.7499999999999999 
0.5 0.8 1.0 0.8571428571428571 0.7499999999999999 
0.5 0.8 1.0 0.8571428571428571 0.7499999999999999 
0.6666666666666666 1.0 0.8 0.6666666666666666 0.5714285714285715 
0.4 0.6666666666666666 0.8571428571428571 1.0 0.888888888888889 
0.4 0.6666666666666666 0.8571428571428571 1.0 0.888888888888889 
0 0 0 0 0 
0.6666666666666666 1.0 0.8 0.6666666666666666 0.5714285714285715 
0.5 0.8 1.0 0.8571428571428571 0.7499999999999999 
0.5 0.8 1.0 0.8571428571428571 0.7499999999999999 
1.0 0.6666666666666666 0.5 0.4 0.33333333333333337 
1.0 0.6666666666666666 0.5 0.4 0.33333333333333337 
0.4 0.6666666666666666 0.8571428571428571 1.0 0.888888888888889 
0.6666666666666666 1.0 0.8 0.6666666666666666 0.5714285714285715 
0.4 0.6666666666666666 0.8571428571428571 1.0 0.888888888888889 
0.4 0.6666666666666666 0.8571428571428571 1.0 0.888888888888889 
0 0 0 0 0 
0.6666666666666666 1.0 0.8 0.6666666666666666 0.5714285714285715 
0 0 0 0 0 
0.33333333333333337 0.5714285714285715 0.7499999999999999 0.888888888888889 1.0 
1.0 0.6666666666666666 0.5 0.4 0.33333333333333337 
0.5 0.8 1.0 0.8571428571428571 0.7499999999999999 
0.4 0.6666666666666666 0.8571428571428571 1.0 0.888888888888889 
0 0 0 0 0 
0.6666666666666666 1.0 0.8 0.6666666666666666 0.5714285714285715 
0.4 0.6666666666666666 0.8571428571428571 1.0 0.888888888888889 
0.4 0.6666666666666666 0.8571428571428571 0.75 0.888888888888889 
1.0 0.6666666666666666 0.5 0.4 0.33333333333333337 
0.5 0.8 1.0 0.8571428571428571 0.7499999999999999 
1.0 0.6666666666666666 0.5 0.4 0.33333333333333337 
1.0 0.6666666666666666 0.5 0.4 0.33333333333333337 
0.5 0.8 1.0 0.8571428571428571 0.7499999999999999 
0 0 0 0 0 
0.6666666666666666 1.0 0.8 0.6666666666666666 0.5714285714285715 
0.4 0.6666666666666666 0.8571428571428571 1.0 0.888888888888889 
0.6666666666666666 1.0 0.8 0.6666666666666666 0.5714285714285715 
0.5 0.8 1.0 0.8571428571428571 0.7499999999999999 
0.5 0.8 1.0 0.8571428571428571 0.7499999999999999 
0.5 0.8 1.0 0.8571428571428571 0.7499999999999999 
0.4 0.6666666666666666 0.8571428571428571 1.0 0.888888888888889 
0 0 0 0 0 
0.33333333333333337 0.5714285714285715 0.7499999999999999 0.888888888888889 1.0 
0.6666666666666666 1.0 0.8 0.6666666666666666 0.5714285714285715 
0.33333333333333337 0.5714285714285715 0.7499999999999999 0.888888888888889 1.0 
0 0 0 0 0 
0.6666666666666666 1.0 0.8 0.6666666666666666 0.5714285714285715 
0 0 0 0 0 
0.4 0.6666666666666666 0.8571428571428571 1.0 0.888888888888889 
0 0 0 0 0 
0.33333333333333337 0.5714285714285715 0.7499999999999999 0.888888888888889 1.0 
0.5 0.8 1.0 0.8571428571428571 0.7499999999999999 
0.33333333333333337 0.5714285714285715 0.7499999999999999 0.888888888888889 1.0 
0.4 0.6666666666666666 0.8571428571428571 1.0 0.888888888888889 
0.5 0.8 1.0 0.8571428571428571 0.7499999999999999 
1.0 0.6666666666666666 0.5 0.4 0.33333333333333337 

f0.5@ results:
0.7142857142857143 0.9090909090909091 0.6666666666666666 0.7894736842105263 0.6521739130434783 
0.7142857142857143 0.9090909090909091 1.0 0.7894736842105263 0.6521739130434783 
0.7142857142857143 0.9090909090909091 1.0 0.7894736842105263 0.6521739130434783 
0.8333333333333334 1.0 0.7142857142857142 0.5555555555555556 0.45454545454545453 
1.0 0.5555555555555556 0.3846153846153846 0.29411764705882354 0.23809523809523808 
0.8333333333333334 1.0 0.7142857142857142 0.5555555555555556 0.45454545454545453 
0.625 0.8333333333333334 0.9375 1.0 0.8333333333333334 
0.625 0.8333333333333334 0.9375 1.0 0.8333333333333334 
0.5555555555555556 0.7692307692307692 0.8823529411764706 0.9523809523809523 1.0 
0.625 0.8333333333333334 0.9375 0.75 0.8333333333333334 
0.8333333333333334 1.0 0.7142857142857142 0.5555555555555556 0.45454545454545453 
0.8333333333333334 1.0 0.7142857142857142 0.5555555555555556 0.45454545454545453 
0 0 0 0 0 
1.0 0.5555555555555556 0.3846153846153846 0.29411764705882354 0.23809523809523808 
0.625 0.8333333333333334 0.9375 1.0 0.8333333333333334 
0 0 0 0 0 
0.8333333333333334 1.0 0.7142857142857142 0.5555555555555556 0.45454545454545453 
0.625 0.8333333333333334 0.9375 1.0 0.8333333333333334 
0.7142857142857143 0.9090909090909091 1.0 0.7894736842105263 0.6521739130434783 
0 0 0 0 0 
1.0 0.5555555555555556 0.3846153846153846 0.29411764705882354 0.23809523809523808 
1.0 0.5555555555555556 0.3846153846153846 0.29411764705882354 0.23809523809523808 
1.0 0.5555555555555556 0.3846153846153846 0.29411764705882354 0.23809523809523808 
0.625 0.8333333333333334 0.9375 1.0 0.8333333333333334 
0.5555555555555556 0.7692307692307692 0.8823529411764706 0.9523809523809523 1.0 
0.625 0.8333333333333334 0.9375 1.0 0.8333333333333334 
0.8333333333333334 1.0 0.7142857142857142 0.5555555555555556 0.45454545454545453 
0.625 0.8333333333333334 0.9375 1.0 0.8333333333333334 
1.0 0.5555555555555556 0.3846153846153846 0.29411764705882354 0.23809523809523808 
0 0 0 0 0 
0.5555555555555556 0.7692307692307692 0.8823529411764706 0.9523809523809523 1.0 
0.625 0.8333333333333334 0.9375 1.0 0.8333333333333334 
0.5555555555555556 0.7692307692307692 0.8823529411764706 0.9523809523809523 1.0 
1.0 0.5555555555555556 0.3846153846153846 0.29411764705882354 0.23809523809523808 
1.0 0.5555555555555556 0.3846153846153846 0.29411764705882354 0.23809523809523808 
0.8333333333333334 1.0 0.7142857142857142 0.5555555555555556 0.45454545454545453 
0 0 0 0 0 
0 0 0 0 0 
0 0 0 0 0 
0.8333333333333334 1.0 0.7142857142857142 0.5555555555555556 0.45454545454545453 
0.5555555555555556 0.7692307692307692 0.8823529411764706 0.9523809523809523 1.0 
0.7142857142857143 0.9090909090909091 1.0 0.7894736842105263 0.6521739130434783 
0 0 0 0 0 
0.8333333333333334 1.0 0.7142857142857142 0.5555555555555556 0.45454545454545453 
0.7142857142857143 0.9090909090909091 1.0 0.7894736842105263 0.6521739130434783 
0.7142857142857143 0.9090909090909091 1.0 0.7894736842105263 0.6521739130434783 
0.7142857142857143 0.9090909090909091 1.0 0.7894736842105263 0.6521739130434783 
0.8333333333333334 1.0 0.7142857142857142 0.5555555555555556 0.45454545454545453 
0.625 0.8333333333333334 0.9375 1.0 0.8333333333333334 
0.625 0.8333333333333334 0.9375 1.0 0.8333333333333334 
0 0 0 0 0 
0.8333333333333334 1.0 0.7142857142857142 0.5555555555555556 0.45454545454545453 
0.7142857142857143 0.9090909090909091 1.0 0.7894736842105263 0.6521739130434783 
0.7142857142857143 0.9090909090909091 1.0 0.7894736842105263 0.6521739130434783 
1.0 0.5555555555555556 0.3846153846153846 0.29411764705882354 0.23809523809523808 
1.0 0.5555555555555556 0.3846153846153846 0.29411764705882354 0.23809523809523808 
0.625 0.8333333333333334 0.9375 1.0 0.8333333333333334 
0.8333333333333334 1.0 0.7142857142857142 0.5555555555555556 0.45454545454545453 
0.625 0.8333333333333334 0.9375 1.0 0.8333333333333334 
0.625 0.8333333333333334 0.9375 1.0 0.8333333333333334 
0 0 0 0 0 
0.8333333333333334 1.0 0.7142857142857142 0.5555555555555556 0.45454545454545453 
0 0 0 0 0 
0.5555555555555556 0.7692307692307692 0.8823529411764706 0.9523809523809523 1.0 
1.0 0.5555555555555556 0.3846153846153846 0.29411764705882354 0.23809523809523808 
0.7142857142857143 0.9090909090909091 1.0 0.7894736842105263 0.6521739130434783 
0.625 0.8333333333333334 0.9375 1.0 0.8333333333333334 
0 0 0 0 0 
0.8333333333333334 1.0 0.7142857142857142 0.5555555555555556 0.45454545454545453 
0.625 0.8333333333333334 0.9375 1.0 0.8333333333333334 
0.625 0.8333333333333334 0.9375 0.75 0.8333333333333334 
1.0 0.5555555555555556 0.3846153846153846 0.29411764705882354 0.23809523809523808 
0.7142857142857143 0.9090909090909091 1.0 0.7894736842105263 0.6521739130434783 
1.0 0.5555555555555556 0.3846153846153846 0.29411764705882354 0.23809523809523808 
1.0 0.5555555555555556 0.3846153846153846 0.29411764705882354 0.23809523809523808 
0.7142857142857143 0.9090909090909091 1.0 0.7894736842105263 0.6521739130434783 
0 0 0 0 0 
0.8333333333333334 1.0 0.7142857142857142 0.5555555555555556 0.45454545454545453 
0.625 0.8333333333333334 0.9375 1.0 0.8333333333333334 
0.8333333333333334 1.0 0.7142857142857142 0.5555555555555556 0.45454545454545453 
0.7142857142857143 0.9090909090909091 1.0 0.7894736842105263 0.6521739130434783 
0.7142857142857143 0.9090909090909091 1.0 0.7894736842105263 0.6521739130434783 
0.7142857142857143 0.9090909090909091 1.0 0.7894736842105263 0.6521739130434783 
0.625 0.8333333333333334 0.9375 1.0 0.8333333333333334 
0 0 0 0 0 
0.5555555555555556 0.7692307692307692 0.8823529411764706 0.9523809523809523 1.0 
0.8333333333333334 1.0 0.7142857142857142 0.5555555555555556 0.45454545454545453 
0.5555555555555556 0.7692307692307692 0.8823529411764706 0.9523809523809523 1.0 
0 0 0 0 0 
0.8333333333333334 1.0 0.7142857142857142 0.5555555555555556 0.45454545454545453 
0 0 0 0 0 
0.625 0.8333333333333334 0.9375 1.0 0.8333333333333334 
0 0 0 0 0 
0.5555555555555556 0.7692307692307692 0.8823529411764706 0.9523809523809523 1.0 
0.7142857142857143 0.9090909090909091 1.0 0.7894736842105263 0.6521739130434783 
0.5555555555555556 0.7692307692307692 0.8823529411764706 0.9523809523809523 1.0 
0.625 0.8333333333333334 0.9375 1.0 0.8333333333333334 
0.7142857142857143 0.9090909090909091 1.0 0.7894736842105263 0.6521739130434783 
1.0 0.5555555555555556 0.3846153846153846 0.29411764705882354 0.23809523809523808 

