488,[106 163  68 140 138  78  41 156  72  40 116 159  46 167  27  74 122 158
 131 153 144  75  65  45  61 116 111  99  94  62  37  99 144  62  20  35
  32  48 154  94 100 143 153  99  98 102 148 157 160 161  68 161 161 154
 159 163 163 166 137 162 153  75  33  76 163 104  54 162 160 144 150 154
 115 163 153 141 159 162  51 165 111  62  99 158 131 106 111 164 160 127
  51 158 153 112 158 155 142 141 168 145  54 151 135 100 159  74 141 142
 159 157 149 140  75  81  26 111 146 155 153 159 156  68  75 148 167 120
  76 164 161 164 161 123 136  95 144 147  90 162 157 135 155 101 158 154
 146 156 155 133 115 150 154 163 159  29  47 144 158 160 164 134 136 153
  28  74 157 148 132  99  71  80 141 157  44  43 156  34 143 153 131 137
 154 141  88 132  64 156 138 173 145 148 147  83 158 156 118 147  91 154
  55 162 150 156 119  71  44 143 149 142 150 133 149 145  88  88 116 155
  64 139 149 147 160  75  78  62 153 158 157  81  80 159  63  34  46 151
  33  86 144 106 143 160  39 114  61 152  37 158 164 110  44 152  42  57
  21 145 137  44 157 114  62  71 112  91 156  56 157  69 103 137  62  29
  81  52 107  88  31  39 108 151 156  31 156 120 159 152  89 123 125 107
 139 159 110  26  78  30  40  61  38  82 130  55 145  45 127 129  48 114
  34  86 151  66 118  54  83 102  33  59 157  49 136 160  68 115  23  39
 136 149  37  42  48 149  80  50 161  93 110 154 147 160  39  83  69 159
 155  51 159 101 101 163 145 137  66  86 134 106 130 153 168 161  56 112
 139 139  79 108  58 154 125 166 144 114 152  51  49  70  93 145  36  16
 159 160 145 158  81  52 148  35  66 146  76 122 153 100  50  72 140  58
 111  54 148 151 122  74  75 161 138 146  54 153 105  92 142 161  88 155
 143 150 161 145 158  32 158  40  94  31 151  84  48 149 166 153 164 156
  71 156 126  55  88 156  99  34  50 155  65  70  97  54  65 143 139 144
 142 161 123 162 153  77 140  74 153  32  76  60  74  42 125 160 160 159
 144 163  64 161 149 151  61 162 124 154  83 158  87 104  79 152 161 137
 166 152]