prescision@ average results:
0.8888888888888888 

recall@ average results:
0.8888888888888888 

F1@ average results:
0.8888888888888888 

F0.5@ average results:
0.8888888888888888 

prescision@ results:
1.0 
1.0 
1.0 
1.0 
0 
1.0 
1.0 
1.0 
1.0 
1.0 
1.0 
0 
1.0 
1.0 
1.0 
1.0 
1.0 
1.0 
1.0 
1.0 
1.0 
1.0 
1.0 
1.0 
1.0 
1.0 
1.0 
1.0 
0 
1.0 
1.0 
1.0 
1.0 
1.0 
1.0 
1.0 
1.0 
1.0 
1.0 
1.0 
1.0 
1.0 
1.0 
1.0 
1.0 
0 
1.0 
1.0 
1.0 
1.0 
1.0 
1.0 
1.0 
1.0 
1.0 
1.0 
0 
0 
1.0 
1.0 
1.0 
1.0 
1.0 
1.0 
1.0 
1.0 
1.0 
1.0 
1.0 
0 
0 
1.0 
1.0 
1.0 
1.0 
1.0 
1.0 
1.0 
1.0 
0 
1.0 
1.0 
1.0 
1.0 
1.0 
0 
1.0 
1.0 
1.0 
1.0 
1.0 
1.0 
1.0 
1.0 
0 
1.0 
1.0 
1.0 
1.0 

recall@ results:
1.0 
1.0 
1.0 
1.0 
0 
1.0 
1.0 
1.0 
1.0 
1.0 
1.0 
0 
1.0 
1.0 
1.0 
1.0 
1.0 
1.0 
1.0 
1.0 
1.0 
1.0 
1.0 
1.0 
1.0 
1.0 
1.0 
1.0 
0 
1.0 
1.0 
1.0 
1.0 
1.0 
1.0 
1.0 
1.0 
1.0 
1.0 
1.0 
1.0 
1.0 
1.0 
1.0 
1.0 
0 
1.0 
1.0 
1.0 
1.0 
1.0 
1.0 
1.0 
1.0 
1.0 
1.0 
0 
0 
1.0 
1.0 
1.0 
1.0 
1.0 
1.0 
1.0 
1.0 
1.0 
1.0 
1.0 
0 
0 
1.0 
1.0 
1.0 
1.0 
1.0 
1.0 
1.0 
1.0 
0 
1.0 
1.0 
1.0 
1.0 
1.0 
0 
1.0 
1.0 
1.0 
1.0 
1.0 
1.0 
1.0 
1.0 
0 
1.0 
1.0 
1.0 
1.0 

f1@ results:
1.0 
1.0 
1.0 
1.0 
0 
1.0 
1.0 
1.0 
1.0 
1.0 
1.0 
0 
1.0 
1.0 
1.0 
1.0 
1.0 
1.0 
1.0 
1.0 
1.0 
1.0 
1.0 
1.0 
1.0 
1.0 
1.0 
1.0 
0 
1.0 
1.0 
1.0 
1.0 
1.0 
1.0 
1.0 
1.0 
1.0 
1.0 
1.0 
1.0 
1.0 
1.0 
1.0 
1.0 
0 
1.0 
1.0 
1.0 
1.0 
1.0 
1.0 
1.0 
1.0 
1.0 
1.0 
0 
0 
1.0 
1.0 
1.0 
1.0 
1.0 
1.0 
1.0 
1.0 
1.0 
1.0 
1.0 
0 
0 
1.0 
1.0 
1.0 
1.0 
1.0 
1.0 
1.0 
1.0 
0 
1.0 
1.0 
1.0 
1.0 
1.0 
0 
1.0 
1.0 
1.0 
1.0 
1.0 
1.0 
1.0 
1.0 
0 
1.0 
1.0 
1.0 
1.0 

f0.5@ results:
1.0 
1.0 
1.0 
1.0 
0 
1.0 
1.0 
1.0 
1.0 
1.0 
1.0 
0 
1.0 
1.0 
1.0 
1.0 
1.0 
1.0 
1.0 
1.0 
1.0 
1.0 
1.0 
1.0 
1.0 
1.0 
1.0 
1.0 
0 
1.0 
1.0 
1.0 
1.0 
1.0 
1.0 
1.0 
1.0 
1.0 
1.0 
1.0 
1.0 
1.0 
1.0 
1.0 
1.0 
0 
1.0 
1.0 
1.0 
1.0 
1.0 
1.0 
1.0 
1.0 
1.0 
1.0 
0 
0 
1.0 
1.0 
1.0 
1.0 
1.0 
1.0 
1.0 
1.0 
1.0 
1.0 
1.0 
0 
0 
1.0 
1.0 
1.0 
1.0 
1.0 
1.0 
1.0 
1.0 
0 
1.0 
1.0 
1.0 
1.0 
1.0 
0 
1.0 
1.0 
1.0 
1.0 
1.0 
1.0 
1.0 
1.0 
0 
1.0 
1.0 
1.0 
1.0 

