prescision@ average results:
1.0 1.0 0.9966329966329966 0.9873737373737373 0.9717171717171716 0.9393939393939394 0.8860028860028858 0.827020202020202 0.7609427609427605 0.6969696969696971 

recall@ average results:
0.1567861151194483 0.3135722302388966 0.46530784030784067 0.6077841911175238 0.7384760301426968 0.8427368927368931 0.9130872214205543 0.9615520282186945 0.9874298540965208 1.0 

F1@ average results:
0.26722564752867767 0.46760388881601006 0.620633743361016 0.7365682017197162 0.822467095194367 0.8717874717874707 0.883068572016878 0.8734824560136498 0.8445240803506111 0.8073024422353623 

F0.5@ average results:
0.46974966671936386 0.6784413266142318 0.7946415456618099 0.8628343450512498 0.9010002588478496 0.9072125453851083 0.881690483641281 0.8424468711412753 0.7902210997109509 0.7355588717346627 

prescision@ results:
1.0 1.0 1.0 1.0 1.0 1.0 1.0 1.0 1.0 1.0 
1.0 1.0 1.0 1.0 1.0 1.0 0.8571428571428571 0.875 0.7777777777777778 0.7 
1.0 1.0 1.0 1.0 1.0 1.0 1.0 0.875 0.7777777777777778 0.7 
1.0 1.0 1.0 1.0 1.0 1.0 1.0 0.875 0.7777777777777778 0.7 
1.0 1.0 1.0 1.0 1.0 0.8333333333333334 0.7142857142857143 0.625 0.5555555555555556 0.5 
1.0 1.0 1.0 1.0 1.0 1.0 1.0 1.0 1.0 1.0 
1.0 1.0 1.0 1.0 1.0 1.0 1.0 1.0 0.8888888888888888 0.8 
1.0 1.0 1.0 1.0 1.0 1.0 1.0 1.0 1.0 0.9 
1.0 1.0 1.0 1.0 1.0 1.0 1.0 1.0 1.0 0.9 
1.0 1.0 1.0 1.0 1.0 1.0 1.0 1.0 1.0 0.9 
1.0 1.0 1.0 1.0 0.8 0.6666666666666666 0.5714285714285714 0.5 0.4444444444444444 0.4 
1.0 1.0 1.0 1.0 1.0 1.0 1.0 0.875 0.7777777777777778 0.7 
1.0 1.0 1.0 1.0 1.0 1.0 1.0 0.875 0.7777777777777778 0.7 
1.0 1.0 1.0 1.0 1.0 1.0 0.8571428571428571 0.75 0.6666666666666666 0.6 
1.0 1.0 1.0 1.0 1.0 1.0 1.0 0.875 0.7777777777777778 0.7 
1.0 1.0 1.0 1.0 1.0 1.0 0.8571428571428571 0.875 0.7777777777777778 0.7 
1.0 1.0 1.0 1.0 1.0 0.8333333333333334 0.7142857142857143 0.625 0.5555555555555556 0.5 
1.0 1.0 1.0 1.0 1.0 1.0 1.0 0.875 0.7777777777777778 0.7 
1.0 1.0 1.0 1.0 1.0 1.0 1.0 1.0 1.0 1.0 
1.0 1.0 1.0 1.0 1.0 1.0 1.0 1.0 0.8888888888888888 0.8 
1.0 1.0 1.0 1.0 1.0 1.0 0.8571428571428571 0.75 0.6666666666666666 0.6 
1.0 1.0 1.0 1.0 1.0 1.0 1.0 1.0 0.8888888888888888 0.8 
1.0 1.0 1.0 1.0 1.0 1.0 0.8571428571428571 0.75 0.7777777777777778 0.7 
1.0 1.0 1.0 1.0 0.8 0.6666666666666666 0.5714285714285714 0.5 0.4444444444444444 0.4 
1.0 1.0 1.0 1.0 1.0 1.0 1.0 0.875 0.7777777777777778 0.7 
1.0 1.0 1.0 1.0 1.0 1.0 0.8571428571428571 0.75 0.6666666666666666 0.6 
1.0 1.0 1.0 1.0 1.0 0.8333333333333334 0.7142857142857143 0.625 0.5555555555555556 0.5 
1.0 1.0 1.0 1.0 1.0 1.0 1.0 0.875 0.7777777777777778 0.7 
1.0 1.0 1.0 1.0 1.0 1.0 1.0 1.0 0.8888888888888888 0.8 
1.0 1.0 1.0 1.0 1.0 1.0 1.0 1.0 1.0 1.0 
1.0 1.0 1.0 1.0 1.0 1.0 1.0 1.0 1.0 1.0 
1.0 1.0 1.0 1.0 1.0 1.0 1.0 1.0 0.8888888888888888 0.9 
1.0 1.0 1.0 1.0 1.0 0.8333333333333334 0.7142857142857143 0.625 0.5555555555555556 0.5 
1.0 1.0 1.0 1.0 1.0 1.0 0.8571428571428571 0.75 0.6666666666666666 0.6 
1.0 1.0 1.0 1.0 0.8 0.6666666666666666 0.5714285714285714 0.5 0.4444444444444444 0.4 
1.0 1.0 1.0 1.0 1.0 1.0 0.8571428571428571 0.75 0.6666666666666666 0.6 
1.0 1.0 1.0 1.0 1.0 1.0 0.8571428571428571 0.75 0.6666666666666666 0.6 
1.0 1.0 1.0 1.0 1.0 1.0 0.8571428571428571 0.75 0.6666666666666666 0.6 
1.0 1.0 1.0 1.0 1.0 0.8333333333333334 0.7142857142857143 0.625 0.5555555555555556 0.5 
1.0 1.0 1.0 1.0 1.0 0.8333333333333334 0.7142857142857143 0.625 0.5555555555555556 0.5 
1.0 1.0 1.0 1.0 0.8 0.6666666666666666 0.5714285714285714 0.5 0.4444444444444444 0.4 
1.0 1.0 1.0 1.0 1.0 1.0 0.8571428571428571 0.75 0.6666666666666666 0.6 
1.0 1.0 1.0 1.0 1.0 0.8333333333333334 0.7142857142857143 0.625 0.5555555555555556 0.5 
1.0 1.0 1.0 1.0 1.0 1.0 1.0 1.0 0.8888888888888888 0.8 
1.0 1.0 1.0 1.0 1.0 1.0 1.0 1.0 1.0 0.9 
1.0 1.0 1.0 1.0 1.0 1.0 1.0 0.875 0.7777777777777778 0.7 
1.0 1.0 1.0 1.0 1.0 1.0 1.0 1.0 1.0 0.9 
1.0 1.0 1.0 1.0 1.0 1.0 1.0 1.0 0.8888888888888888 0.8 
1.0 1.0 1.0 1.0 1.0 1.0 1.0 1.0 0.8888888888888888 0.8 
1.0 1.0 1.0 1.0 1.0 1.0 1.0 1.0 0.8888888888888888 0.8 
1.0 1.0 1.0 1.0 1.0 1.0 0.8571428571428571 0.75 0.7777777777777778 0.7 
1.0 1.0 1.0 1.0 1.0 0.8333333333333334 0.7142857142857143 0.625 0.5555555555555556 0.5 
1.0 1.0 1.0 1.0 1.0 1.0 1.0 0.875 0.7777777777777778 0.7 
1.0 1.0 1.0 1.0 1.0 1.0 1.0 1.0 0.8888888888888888 0.8 
1.0 1.0 1.0 1.0 1.0 0.8333333333333334 0.7142857142857143 0.625 0.5555555555555556 0.5 
1.0 1.0 1.0 1.0 1.0 1.0 0.8571428571428571 0.75 0.7777777777777778 0.7 
1.0 1.0 1.0 1.0 1.0 1.0 1.0 1.0 0.8888888888888888 0.8 
1.0 1.0 1.0 0.75 0.6 0.5 0.42857142857142855 0.375 0.3333333333333333 0.3 
1.0 1.0 1.0 1.0 1.0 1.0 0.8571428571428571 0.75 0.6666666666666666 0.6 
1.0 1.0 1.0 1.0 1.0 1.0 0.8571428571428571 0.75 0.6666666666666666 0.6 
1.0 1.0 1.0 1.0 0.8 0.8333333333333334 0.8571428571428571 0.75 0.6666666666666666 0.6 
1.0 1.0 1.0 1.0 1.0 1.0 0.8571428571428571 0.75 0.6666666666666666 0.6 
1.0 1.0 1.0 1.0 1.0 1.0 0.8571428571428571 0.75 0.6666666666666666 0.6 
1.0 1.0 1.0 1.0 1.0 1.0 1.0 1.0 1.0 1.0 
1.0 1.0 1.0 1.0 1.0 1.0 1.0 0.875 0.7777777777777778 0.7 
1.0 1.0 1.0 1.0 1.0 0.8333333333333334 0.7142857142857143 0.75 0.6666666666666666 0.6 
1.0 1.0 1.0 1.0 1.0 1.0 1.0 1.0 0.8888888888888888 0.8 
1.0 1.0 1.0 1.0 1.0 1.0 1.0 1.0 1.0 0.9 
1.0 1.0 1.0 1.0 1.0 0.8333333333333334 0.8571428571428571 0.75 0.6666666666666666 0.6 
1.0 1.0 0.6666666666666666 0.5 0.4 0.3333333333333333 0.2857142857142857 0.25 0.2222222222222222 0.2 
1.0 1.0 1.0 1.0 1.0 1.0 1.0 0.875 0.7777777777777778 0.7 
1.0 1.0 1.0 1.0 1.0 1.0 1.0 1.0 0.8888888888888888 0.8 
1.0 1.0 1.0 1.0 1.0 0.8333333333333334 0.7142857142857143 0.625 0.5555555555555556 0.5 
1.0 1.0 1.0 1.0 1.0 1.0 1.0 0.875 0.7777777777777778 0.7 
1.0 1.0 1.0 0.75 0.8 0.6666666666666666 0.5714285714285714 0.5 0.4444444444444444 0.4 
1.0 1.0 1.0 1.0 1.0 1.0 1.0 0.875 0.7777777777777778 0.7 
1.0 1.0 1.0 1.0 1.0 1.0 1.0 1.0 1.0 0.9 
1.0 1.0 1.0 1.0 1.0 0.8333333333333334 0.7142857142857143 0.625 0.5555555555555556 0.5 
1.0 1.0 1.0 1.0 1.0 1.0 0.8571428571428571 0.75 0.6666666666666666 0.6 
1.0 1.0 1.0 1.0 1.0 1.0 0.8571428571428571 0.75 0.6666666666666666 0.6 
1.0 1.0 1.0 1.0 1.0 1.0 1.0 1.0 0.8888888888888888 0.9 
1.0 1.0 1.0 1.0 1.0 1.0 1.0 1.0 0.8888888888888888 0.9 
1.0 1.0 1.0 1.0 1.0 1.0 1.0 1.0 1.0 0.9 
1.0 1.0 1.0 1.0 1.0 1.0 1.0 1.0 0.8888888888888888 0.9 
1.0 1.0 1.0 0.75 0.6 0.5 0.42857142857142855 0.375 0.3333333333333333 0.3 
1.0 1.0 1.0 1.0 1.0 1.0 1.0 0.875 0.7777777777777778 0.7 
1.0 1.0 1.0 1.0 1.0 1.0 0.8571428571428571 0.75 0.6666666666666666 0.6 
1.0 1.0 1.0 1.0 1.0 1.0 1.0 1.0 1.0 1.0 
1.0 1.0 1.0 1.0 1.0 1.0 1.0 1.0 1.0 0.9 
1.0 1.0 1.0 1.0 1.0 1.0 1.0 0.875 0.7777777777777778 0.7 
1.0 1.0 1.0 1.0 1.0 1.0 1.0 0.875 0.7777777777777778 0.7 
1.0 1.0 1.0 1.0 1.0 1.0 1.0 1.0 1.0 0.9 
1.0 1.0 1.0 1.0 1.0 1.0 0.8571428571428571 0.875 0.7777777777777778 0.7 
1.0 1.0 1.0 1.0 1.0 1.0 1.0 1.0 1.0 1.0 
1.0 1.0 1.0 1.0 1.0 1.0 1.0 1.0 1.0 0.9 
1.0 1.0 1.0 1.0 1.0 1.0 1.0 1.0 1.0 0.9 
1.0 1.0 1.0 1.0 1.0 1.0 1.0 1.0 0.8888888888888888 0.8 
1.0 1.0 1.0 1.0 1.0 1.0 0.8571428571428571 0.75 0.6666666666666666 0.6 
1.0 1.0 1.0 1.0 0.8 0.6666666666666666 0.5714285714285714 0.5 0.4444444444444444 0.4 

recall@ results:
0.1 0.2 0.3 0.4 0.5 0.6 0.7 0.8 0.9 1.0 
0.14285714285714285 0.2857142857142857 0.42857142857142855 0.5714285714285714 0.7142857142857143 0.8571428571428571 0.8571428571428571 1.0 1.0 1.0 
0.14285714285714285 0.2857142857142857 0.42857142857142855 0.5714285714285714 0.7142857142857143 0.8571428571428571 1.0 1.0 1.0 1.0 
0.14285714285714285 0.2857142857142857 0.42857142857142855 0.5714285714285714 0.7142857142857143 0.8571428571428571 1.0 1.0 1.0 1.0 
0.2 0.4 0.6 0.8 1.0 1.0 1.0 1.0 1.0 1.0 
0.1 0.2 0.3 0.4 0.5 0.6 0.7 0.8 0.9 1.0 
0.125 0.25 0.375 0.5 0.625 0.75 0.875 1.0 1.0 1.0 
0.1111111111111111 0.2222222222222222 0.3333333333333333 0.4444444444444444 0.5555555555555556 0.6666666666666666 0.7777777777777778 0.8888888888888888 1.0 1.0 
0.1111111111111111 0.2222222222222222 0.3333333333333333 0.4444444444444444 0.5555555555555556 0.6666666666666666 0.7777777777777778 0.8888888888888888 1.0 1.0 
0.1111111111111111 0.2222222222222222 0.3333333333333333 0.4444444444444444 0.5555555555555556 0.6666666666666666 0.7777777777777778 0.8888888888888888 1.0 1.0 
0.25 0.5 0.75 1.0 1.0 1.0 1.0 1.0 1.0 1.0 
0.14285714285714285 0.2857142857142857 0.42857142857142855 0.5714285714285714 0.7142857142857143 0.8571428571428571 1.0 1.0 1.0 1.0 
0.14285714285714285 0.2857142857142857 0.42857142857142855 0.5714285714285714 0.7142857142857143 0.8571428571428571 1.0 1.0 1.0 1.0 
0.16666666666666666 0.3333333333333333 0.5 0.6666666666666666 0.8333333333333334 1.0 1.0 1.0 1.0 1.0 
0.14285714285714285 0.2857142857142857 0.42857142857142855 0.5714285714285714 0.7142857142857143 0.8571428571428571 1.0 1.0 1.0 1.0 
0.14285714285714285 0.2857142857142857 0.42857142857142855 0.5714285714285714 0.7142857142857143 0.8571428571428571 0.8571428571428571 1.0 1.0 1.0 
0.2 0.4 0.6 0.8 1.0 1.0 1.0 1.0 1.0 1.0 
0.14285714285714285 0.2857142857142857 0.42857142857142855 0.5714285714285714 0.7142857142857143 0.8571428571428571 1.0 1.0 1.0 1.0 
0.1 0.2 0.3 0.4 0.5 0.6 0.7 0.8 0.9 1.0 
0.125 0.25 0.375 0.5 0.625 0.75 0.875 1.0 1.0 1.0 
0.16666666666666666 0.3333333333333333 0.5 0.6666666666666666 0.8333333333333334 1.0 1.0 1.0 1.0 1.0 
0.125 0.25 0.375 0.5 0.625 0.75 0.875 1.0 1.0 1.0 
0.14285714285714285 0.2857142857142857 0.42857142857142855 0.5714285714285714 0.7142857142857143 0.8571428571428571 0.8571428571428571 0.8571428571428571 1.0 1.0 
0.25 0.5 0.75 1.0 1.0 1.0 1.0 1.0 1.0 1.0 
0.14285714285714285 0.2857142857142857 0.42857142857142855 0.5714285714285714 0.7142857142857143 0.8571428571428571 1.0 1.0 1.0 1.0 
0.16666666666666666 0.3333333333333333 0.5 0.6666666666666666 0.8333333333333334 1.0 1.0 1.0 1.0 1.0 
0.2 0.4 0.6 0.8 1.0 1.0 1.0 1.0 1.0 1.0 
0.14285714285714285 0.2857142857142857 0.42857142857142855 0.5714285714285714 0.7142857142857143 0.8571428571428571 1.0 1.0 1.0 1.0 
0.125 0.25 0.375 0.5 0.625 0.75 0.875 1.0 1.0 1.0 
0.1 0.2 0.3 0.4 0.5 0.6 0.7 0.8 0.9 1.0 
0.1 0.2 0.3 0.4 0.5 0.6 0.7 0.8 0.9 1.0 
0.1111111111111111 0.2222222222222222 0.3333333333333333 0.4444444444444444 0.5555555555555556 0.6666666666666666 0.7777777777777778 0.8888888888888888 0.8888888888888888 1.0 
0.2 0.4 0.6 0.8 1.0 1.0 1.0 1.0 1.0 1.0 
0.16666666666666666 0.3333333333333333 0.5 0.6666666666666666 0.8333333333333334 1.0 1.0 1.0 1.0 1.0 
0.25 0.5 0.75 1.0 1.0 1.0 1.0 1.0 1.0 1.0 
0.16666666666666666 0.3333333333333333 0.5 0.6666666666666666 0.8333333333333334 1.0 1.0 1.0 1.0 1.0 
0.16666666666666666 0.3333333333333333 0.5 0.6666666666666666 0.8333333333333334 1.0 1.0 1.0 1.0 1.0 
0.16666666666666666 0.3333333333333333 0.5 0.6666666666666666 0.8333333333333334 1.0 1.0 1.0 1.0 1.0 
0.2 0.4 0.6 0.8 1.0 1.0 1.0 1.0 1.0 1.0 
0.2 0.4 0.6 0.8 1.0 1.0 1.0 1.0 1.0 1.0 
0.25 0.5 0.75 1.0 1.0 1.0 1.0 1.0 1.0 1.0 
0.16666666666666666 0.3333333333333333 0.5 0.6666666666666666 0.8333333333333334 1.0 1.0 1.0 1.0 1.0 
0.2 0.4 0.6 0.8 1.0 1.0 1.0 1.0 1.0 1.0 
0.125 0.25 0.375 0.5 0.625 0.75 0.875 1.0 1.0 1.0 
0.1111111111111111 0.2222222222222222 0.3333333333333333 0.4444444444444444 0.5555555555555556 0.6666666666666666 0.7777777777777778 0.8888888888888888 1.0 1.0 
0.14285714285714285 0.2857142857142857 0.42857142857142855 0.5714285714285714 0.7142857142857143 0.8571428571428571 1.0 1.0 1.0 1.0 
0.1111111111111111 0.2222222222222222 0.3333333333333333 0.4444444444444444 0.5555555555555556 0.6666666666666666 0.7777777777777778 0.8888888888888888 1.0 1.0 
0.125 0.25 0.375 0.5 0.625 0.75 0.875 1.0 1.0 1.0 
0.125 0.25 0.375 0.5 0.625 0.75 0.875 1.0 1.0 1.0 
0.125 0.25 0.375 0.5 0.625 0.75 0.875 1.0 1.0 1.0 
0.14285714285714285 0.2857142857142857 0.42857142857142855 0.5714285714285714 0.7142857142857143 0.8571428571428571 0.8571428571428571 0.8571428571428571 1.0 1.0 
0.2 0.4 0.6 0.8 1.0 1.0 1.0 1.0 1.0 1.0 
0.14285714285714285 0.2857142857142857 0.42857142857142855 0.5714285714285714 0.7142857142857143 0.8571428571428571 1.0 1.0 1.0 1.0 
0.125 0.25 0.375 0.5 0.625 0.75 0.875 1.0 1.0 1.0 
0.2 0.4 0.6 0.8 1.0 1.0 1.0 1.0 1.0 1.0 
0.14285714285714285 0.2857142857142857 0.42857142857142855 0.5714285714285714 0.7142857142857143 0.8571428571428571 0.8571428571428571 0.8571428571428571 1.0 1.0 
0.125 0.25 0.375 0.5 0.625 0.75 0.875 1.0 1.0 1.0 
0.3333333333333333 0.6666666666666666 1.0 1.0 1.0 1.0 1.0 1.0 1.0 1.0 
0.16666666666666666 0.3333333333333333 0.5 0.6666666666666666 0.8333333333333334 1.0 1.0 1.0 1.0 1.0 
0.16666666666666666 0.3333333333333333 0.5 0.6666666666666666 0.8333333333333334 1.0 1.0 1.0 1.0 1.0 
0.16666666666666666 0.3333333333333333 0.5 0.6666666666666666 0.6666666666666666 0.8333333333333334 1.0 1.0 1.0 1.0 
0.16666666666666666 0.3333333333333333 0.5 0.6666666666666666 0.8333333333333334 1.0 1.0 1.0 1.0 1.0 
0.16666666666666666 0.3333333333333333 0.5 0.6666666666666666 0.8333333333333334 1.0 1.0 1.0 1.0 1.0 
0.1 0.2 0.3 0.4 0.5 0.6 0.7 0.8 0.9 1.0 
0.14285714285714285 0.2857142857142857 0.42857142857142855 0.5714285714285714 0.7142857142857143 0.8571428571428571 1.0 1.0 1.0 1.0 
0.16666666666666666 0.3333333333333333 0.5 0.6666666666666666 0.8333333333333334 0.8333333333333334 0.8333333333333334 1.0 1.0 1.0 
0.125 0.25 0.375 0.5 0.625 0.75 0.875 1.0 1.0 1.0 
0.1111111111111111 0.2222222222222222 0.3333333333333333 0.4444444444444444 0.5555555555555556 0.6666666666666666 0.7777777777777778 0.8888888888888888 1.0 1.0 
0.16666666666666666 0.3333333333333333 0.5 0.6666666666666666 0.8333333333333334 0.8333333333333334 1.0 1.0 1.0 1.0 
0.5 1.0 1.0 1.0 1.0 1.0 1.0 1.0 1.0 1.0 
0.14285714285714285 0.2857142857142857 0.42857142857142855 0.5714285714285714 0.7142857142857143 0.8571428571428571 1.0 1.0 1.0 1.0 
0.125 0.25 0.375 0.5 0.625 0.75 0.875 1.0 1.0 1.0 
0.2 0.4 0.6 0.8 1.0 1.0 1.0 1.0 1.0 1.0 
0.14285714285714285 0.2857142857142857 0.42857142857142855 0.5714285714285714 0.7142857142857143 0.8571428571428571 1.0 1.0 1.0 1.0 
0.25 0.5 0.75 0.75 1.0 1.0 1.0 1.0 1.0 1.0 
0.14285714285714285 0.2857142857142857 0.42857142857142855 0.5714285714285714 0.7142857142857143 0.8571428571428571 1.0 1.0 1.0 1.0 
0.1111111111111111 0.2222222222222222 0.3333333333333333 0.4444444444444444 0.5555555555555556 0.6666666666666666 0.7777777777777778 0.8888888888888888 1.0 1.0 
0.2 0.4 0.6 0.8 1.0 1.0 1.0 1.0 1.0 1.0 
0.16666666666666666 0.3333333333333333 0.5 0.6666666666666666 0.8333333333333334 1.0 1.0 1.0 1.0 1.0 
0.16666666666666666 0.3333333333333333 0.5 0.6666666666666666 0.8333333333333334 1.0 1.0 1.0 1.0 1.0 
0.1111111111111111 0.2222222222222222 0.3333333333333333 0.4444444444444444 0.5555555555555556 0.6666666666666666 0.7777777777777778 0.8888888888888888 0.8888888888888888 1.0 
0.1111111111111111 0.2222222222222222 0.3333333333333333 0.4444444444444444 0.5555555555555556 0.6666666666666666 0.7777777777777778 0.8888888888888888 0.8888888888888888 1.0 
0.1111111111111111 0.2222222222222222 0.3333333333333333 0.4444444444444444 0.5555555555555556 0.6666666666666666 0.7777777777777778 0.8888888888888888 1.0 1.0 
0.1111111111111111 0.2222222222222222 0.3333333333333333 0.4444444444444444 0.5555555555555556 0.6666666666666666 0.7777777777777778 0.8888888888888888 0.8888888888888888 1.0 
0.3333333333333333 0.6666666666666666 1.0 1.0 1.0 1.0 1.0 1.0 1.0 1.0 
0.14285714285714285 0.2857142857142857 0.42857142857142855 0.5714285714285714 0.7142857142857143 0.8571428571428571 1.0 1.0 1.0 1.0 
0.16666666666666666 0.3333333333333333 0.5 0.6666666666666666 0.8333333333333334 1.0 1.0 1.0 1.0 1.0 
0.1 0.2 0.3 0.4 0.5 0.6 0.7 0.8 0.9 1.0 
0.1111111111111111 0.2222222222222222 0.3333333333333333 0.4444444444444444 0.5555555555555556 0.6666666666666666 0.7777777777777778 0.8888888888888888 1.0 1.0 
0.14285714285714285 0.2857142857142857 0.42857142857142855 0.5714285714285714 0.7142857142857143 0.8571428571428571 1.0 1.0 1.0 1.0 
0.14285714285714285 0.2857142857142857 0.42857142857142855 0.5714285714285714 0.7142857142857143 0.8571428571428571 1.0 1.0 1.0 1.0 
0.1111111111111111 0.2222222222222222 0.3333333333333333 0.4444444444444444 0.5555555555555556 0.6666666666666666 0.7777777777777778 0.8888888888888888 1.0 1.0 
0.14285714285714285 0.2857142857142857 0.42857142857142855 0.5714285714285714 0.7142857142857143 0.8571428571428571 0.8571428571428571 1.0 1.0 1.0 
0.1 0.2 0.3 0.4 0.5 0.6 0.7 0.8 0.9 1.0 
0.1111111111111111 0.2222222222222222 0.3333333333333333 0.4444444444444444 0.5555555555555556 0.6666666666666666 0.7777777777777778 0.8888888888888888 1.0 1.0 
0.1111111111111111 0.2222222222222222 0.3333333333333333 0.4444444444444444 0.5555555555555556 0.6666666666666666 0.7777777777777778 0.8888888888888888 1.0 1.0 
0.125 0.25 0.375 0.5 0.625 0.75 0.875 1.0 1.0 1.0 
0.16666666666666666 0.3333333333333333 0.5 0.6666666666666666 0.8333333333333334 1.0 1.0 1.0 1.0 1.0 
0.25 0.5 0.75 1.0 1.0 1.0 1.0 1.0 1.0 1.0 

f1@ results:
0.18181818181818182 0.33333333333333337 0.4615384615384615 0.5714285714285715 0.6666666666666666 0.7499999999999999 0.8235294117647058 0.888888888888889 0.9473684210526316 1.0 
0.25 0.4444444444444445 0.6 0.7272727272727273 0.8333333333333333 0.923076923076923 0.8571428571428571 0.9333333333333333 0.8750000000000001 0.8235294117647058 
0.25 0.4444444444444445 0.6 0.7272727272727273 0.8333333333333333 0.923076923076923 1.0 0.9333333333333333 0.8750000000000001 0.8235294117647058 
0.25 0.4444444444444445 0.6 0.7272727272727273 0.8333333333333333 0.923076923076923 1.0 0.9333333333333333 0.8750000000000001 0.8235294117647058 
0.33333333333333337 0.5714285714285715 0.7499999999999999 0.888888888888889 1.0 0.9090909090909091 0.8333333333333333 0.7692307692307693 0.7142857142857143 0.6666666666666666 
0.18181818181818182 0.33333333333333337 0.4615384615384615 0.5714285714285715 0.6666666666666666 0.7499999999999999 0.8235294117647058 0.888888888888889 0.9473684210526316 1.0 
0.2222222222222222 0.4 0.5454545454545454 0.6666666666666666 0.7692307692307693 0.8571428571428571 0.9333333333333333 1.0 0.9411764705882353 0.888888888888889 
0.19999999999999998 0.3636363636363636 0.5 0.6153846153846153 0.7142857142857143 0.8 0.8750000000000001 0.9411764705882353 1.0 0.9473684210526316 
0.19999999999999998 0.3636363636363636 0.5 0.6153846153846153 0.7142857142857143 0.8 0.8750000000000001 0.9411764705882353 1.0 0.9473684210526316 
0.19999999999999998 0.3636363636363636 0.5 0.6153846153846153 0.7142857142857143 0.8 0.8750000000000001 0.9411764705882353 1.0 0.9473684210526316 
0.4 0.6666666666666666 0.8571428571428571 1.0 0.888888888888889 0.8 0.7272727272727273 0.6666666666666666 0.6153846153846153 0.5714285714285715 
0.25 0.4444444444444445 0.6 0.7272727272727273 0.8333333333333333 0.923076923076923 1.0 0.9333333333333333 0.8750000000000001 0.8235294117647058 
0.25 0.4444444444444445 0.6 0.7272727272727273 0.8333333333333333 0.923076923076923 1.0 0.9333333333333333 0.8750000000000001 0.8235294117647058 
0.2857142857142857 0.5 0.6666666666666666 0.8 0.9090909090909091 1.0 0.923076923076923 0.8571428571428571 0.8 0.7499999999999999 
0.25 0.4444444444444445 0.6 0.7272727272727273 0.8333333333333333 0.923076923076923 1.0 0.9333333333333333 0.8750000000000001 0.8235294117647058 
0.25 0.4444444444444445 0.6 0.7272727272727273 0.8333333333333333 0.923076923076923 0.8571428571428571 0.9333333333333333 0.8750000000000001 0.8235294117647058 
0.33333333333333337 0.5714285714285715 0.7499999999999999 0.888888888888889 1.0 0.9090909090909091 0.8333333333333333 0.7692307692307693 0.7142857142857143 0.6666666666666666 
0.25 0.4444444444444445 0.6 0.7272727272727273 0.8333333333333333 0.923076923076923 1.0 0.9333333333333333 0.8750000000000001 0.8235294117647058 
0.18181818181818182 0.33333333333333337 0.4615384615384615 0.5714285714285715 0.6666666666666666 0.7499999999999999 0.8235294117647058 0.888888888888889 0.9473684210526316 1.0 
0.2222222222222222 0.4 0.5454545454545454 0.6666666666666666 0.7692307692307693 0.8571428571428571 0.9333333333333333 1.0 0.9411764705882353 0.888888888888889 
0.2857142857142857 0.5 0.6666666666666666 0.8 0.9090909090909091 1.0 0.923076923076923 0.8571428571428571 0.8 0.7499999999999999 
0.2222222222222222 0.4 0.5454545454545454 0.6666666666666666 0.7692307692307693 0.8571428571428571 0.9333333333333333 1.0 0.9411764705882353 0.888888888888889 
0.25 0.4444444444444445 0.6 0.7272727272727273 0.8333333333333333 0.923076923076923 0.8571428571428571 0.7999999999999999 0.8750000000000001 0.8235294117647058 
0.4 0.6666666666666666 0.8571428571428571 1.0 0.888888888888889 0.8 0.7272727272727273 0.6666666666666666 0.6153846153846153 0.5714285714285715 
0.25 0.4444444444444445 0.6 0.7272727272727273 0.8333333333333333 0.923076923076923 1.0 0.9333333333333333 0.8750000000000001 0.8235294117647058 
0.2857142857142857 0.5 0.6666666666666666 0.8 0.9090909090909091 1.0 0.923076923076923 0.8571428571428571 0.8 0.7499999999999999 
0.33333333333333337 0.5714285714285715 0.7499999999999999 0.888888888888889 1.0 0.9090909090909091 0.8333333333333333 0.7692307692307693 0.7142857142857143 0.6666666666666666 
0.25 0.4444444444444445 0.6 0.7272727272727273 0.8333333333333333 0.923076923076923 1.0 0.9333333333333333 0.8750000000000001 0.8235294117647058 
0.2222222222222222 0.4 0.5454545454545454 0.6666666666666666 0.7692307692307693 0.8571428571428571 0.9333333333333333 1.0 0.9411764705882353 0.888888888888889 
0.18181818181818182 0.33333333333333337 0.4615384615384615 0.5714285714285715 0.6666666666666666 0.7499999999999999 0.8235294117647058 0.888888888888889 0.9473684210526316 1.0 
0.18181818181818182 0.33333333333333337 0.4615384615384615 0.5714285714285715 0.6666666666666666 0.7499999999999999 0.8235294117647058 0.888888888888889 0.9473684210526316 1.0 
0.19999999999999998 0.3636363636363636 0.5 0.6153846153846153 0.7142857142857143 0.8 0.8750000000000001 0.9411764705882353 0.8888888888888888 0.9473684210526316 
0.33333333333333337 0.5714285714285715 0.7499999999999999 0.888888888888889 1.0 0.9090909090909091 0.8333333333333333 0.7692307692307693 0.7142857142857143 0.6666666666666666 
0.2857142857142857 0.5 0.6666666666666666 0.8 0.9090909090909091 1.0 0.923076923076923 0.8571428571428571 0.8 0.7499999999999999 
0.4 0.6666666666666666 0.8571428571428571 1.0 0.888888888888889 0.8 0.7272727272727273 0.6666666666666666 0.6153846153846153 0.5714285714285715 
0.2857142857142857 0.5 0.6666666666666666 0.8 0.9090909090909091 1.0 0.923076923076923 0.8571428571428571 0.8 0.7499999999999999 
0.2857142857142857 0.5 0.6666666666666666 0.8 0.9090909090909091 1.0 0.923076923076923 0.8571428571428571 0.8 0.7499999999999999 
0.2857142857142857 0.5 0.6666666666666666 0.8 0.9090909090909091 1.0 0.923076923076923 0.8571428571428571 0.8 0.7499999999999999 
0.33333333333333337 0.5714285714285715 0.7499999999999999 0.888888888888889 1.0 0.9090909090909091 0.8333333333333333 0.7692307692307693 0.7142857142857143 0.6666666666666666 
0.33333333333333337 0.5714285714285715 0.7499999999999999 0.888888888888889 1.0 0.9090909090909091 0.8333333333333333 0.7692307692307693 0.7142857142857143 0.6666666666666666 
0.4 0.6666666666666666 0.8571428571428571 1.0 0.888888888888889 0.8 0.7272727272727273 0.6666666666666666 0.6153846153846153 0.5714285714285715 
0.2857142857142857 0.5 0.6666666666666666 0.8 0.9090909090909091 1.0 0.923076923076923 0.8571428571428571 0.8 0.7499999999999999 
0.33333333333333337 0.5714285714285715 0.7499999999999999 0.888888888888889 1.0 0.9090909090909091 0.8333333333333333 0.7692307692307693 0.7142857142857143 0.6666666666666666 
0.2222222222222222 0.4 0.5454545454545454 0.6666666666666666 0.7692307692307693 0.8571428571428571 0.9333333333333333 1.0 0.9411764705882353 0.888888888888889 
0.19999999999999998 0.3636363636363636 0.5 0.6153846153846153 0.7142857142857143 0.8 0.8750000000000001 0.9411764705882353 1.0 0.9473684210526316 
0.25 0.4444444444444445 0.6 0.7272727272727273 0.8333333333333333 0.923076923076923 1.0 0.9333333333333333 0.8750000000000001 0.8235294117647058 
0.19999999999999998 0.3636363636363636 0.5 0.6153846153846153 0.7142857142857143 0.8 0.8750000000000001 0.9411764705882353 1.0 0.9473684210526316 
0.2222222222222222 0.4 0.5454545454545454 0.6666666666666666 0.7692307692307693 0.8571428571428571 0.9333333333333333 1.0 0.9411764705882353 0.888888888888889 
0.2222222222222222 0.4 0.5454545454545454 0.6666666666666666 0.7692307692307693 0.8571428571428571 0.9333333333333333 1.0 0.9411764705882353 0.888888888888889 
0.2222222222222222 0.4 0.5454545454545454 0.6666666666666666 0.7692307692307693 0.8571428571428571 0.9333333333333333 1.0 0.9411764705882353 0.888888888888889 
0.25 0.4444444444444445 0.6 0.7272727272727273 0.8333333333333333 0.923076923076923 0.8571428571428571 0.7999999999999999 0.8750000000000001 0.8235294117647058 
0.33333333333333337 0.5714285714285715 0.7499999999999999 0.888888888888889 1.0 0.9090909090909091 0.8333333333333333 0.7692307692307693 0.7142857142857143 0.6666666666666666 
0.25 0.4444444444444445 0.6 0.7272727272727273 0.8333333333333333 0.923076923076923 1.0 0.9333333333333333 0.8750000000000001 0.8235294117647058 
0.2222222222222222 0.4 0.5454545454545454 0.6666666666666666 0.7692307692307693 0.8571428571428571 0.9333333333333333 1.0 0.9411764705882353 0.888888888888889 
0.33333333333333337 0.5714285714285715 0.7499999999999999 0.888888888888889 1.0 0.9090909090909091 0.8333333333333333 0.7692307692307693 0.7142857142857143 0.6666666666666666 
0.25 0.4444444444444445 0.6 0.7272727272727273 0.8333333333333333 0.923076923076923 0.8571428571428571 0.7999999999999999 0.8750000000000001 0.8235294117647058 
0.2222222222222222 0.4 0.5454545454545454 0.6666666666666666 0.7692307692307693 0.8571428571428571 0.9333333333333333 1.0 0.9411764705882353 0.888888888888889 
0.5 0.8 1.0 0.8571428571428571 0.7499999999999999 0.6666666666666666 0.6 0.5454545454545454 0.5 0.4615384615384615 
0.2857142857142857 0.5 0.6666666666666666 0.8 0.9090909090909091 1.0 0.923076923076923 0.8571428571428571 0.8 0.7499999999999999 
0.2857142857142857 0.5 0.6666666666666666 0.8 0.9090909090909091 1.0 0.923076923076923 0.8571428571428571 0.8 0.7499999999999999 
0.2857142857142857 0.5 0.6666666666666666 0.8 0.7272727272727272 0.8333333333333334 0.923076923076923 0.8571428571428571 0.8 0.7499999999999999 
0.2857142857142857 0.5 0.6666666666666666 0.8 0.9090909090909091 1.0 0.923076923076923 0.8571428571428571 0.8 0.7499999999999999 
0.2857142857142857 0.5 0.6666666666666666 0.8 0.9090909090909091 1.0 0.923076923076923 0.8571428571428571 0.8 0.7499999999999999 
0.18181818181818182 0.33333333333333337 0.4615384615384615 0.5714285714285715 0.6666666666666666 0.7499999999999999 0.8235294117647058 0.888888888888889 0.9473684210526316 1.0 
0.25 0.4444444444444445 0.6 0.7272727272727273 0.8333333333333333 0.923076923076923 1.0 0.9333333333333333 0.8750000000000001 0.8235294117647058 
0.2857142857142857 0.5 0.6666666666666666 0.8 0.9090909090909091 0.8333333333333334 0.7692307692307692 0.8571428571428571 0.8 0.7499999999999999 
0.2222222222222222 0.4 0.5454545454545454 0.6666666666666666 0.7692307692307693 0.8571428571428571 0.9333333333333333 1.0 0.9411764705882353 0.888888888888889 
0.19999999999999998 0.3636363636363636 0.5 0.6153846153846153 0.7142857142857143 0.8 0.8750000000000001 0.9411764705882353 1.0 0.9473684210526316 
0.2857142857142857 0.5 0.6666666666666666 0.8 0.9090909090909091 0.8333333333333334 0.923076923076923 0.8571428571428571 0.8 0.7499999999999999 
0.6666666666666666 1.0 0.8 0.6666666666666666 0.5714285714285715 0.5 0.4444444444444445 0.4 0.3636363636363636 0.33333333333333337 
0.25 0.4444444444444445 0.6 0.7272727272727273 0.8333333333333333 0.923076923076923 1.0 0.9333333333333333 0.8750000000000001 0.8235294117647058 
0.2222222222222222 0.4 0.5454545454545454 0.6666666666666666 0.7692307692307693 0.8571428571428571 0.9333333333333333 1.0 0.9411764705882353 0.888888888888889 
0.33333333333333337 0.5714285714285715 0.7499999999999999 0.888888888888889 1.0 0.9090909090909091 0.8333333333333333 0.7692307692307693 0.7142857142857143 0.6666666666666666 
0.25 0.4444444444444445 0.6 0.7272727272727273 0.8333333333333333 0.923076923076923 1.0 0.9333333333333333 0.8750000000000001 0.8235294117647058 
0.4 0.6666666666666666 0.8571428571428571 0.75 0.888888888888889 0.8 0.7272727272727273 0.6666666666666666 0.6153846153846153 0.5714285714285715 
0.25 0.4444444444444445 0.6 0.7272727272727273 0.8333333333333333 0.923076923076923 1.0 0.9333333333333333 0.8750000000000001 0.8235294117647058 
0.19999999999999998 0.3636363636363636 0.5 0.6153846153846153 0.7142857142857143 0.8 0.8750000000000001 0.9411764705882353 1.0 0.9473684210526316 
0.33333333333333337 0.5714285714285715 0.7499999999999999 0.888888888888889 1.0 0.9090909090909091 0.8333333333333333 0.7692307692307693 0.7142857142857143 0.6666666666666666 
0.2857142857142857 0.5 0.6666666666666666 0.8 0.9090909090909091 1.0 0.923076923076923 0.8571428571428571 0.8 0.7499999999999999 
0.2857142857142857 0.5 0.6666666666666666 0.8 0.9090909090909091 1.0 0.923076923076923 0.8571428571428571 0.8 0.7499999999999999 
0.19999999999999998 0.3636363636363636 0.5 0.6153846153846153 0.7142857142857143 0.8 0.8750000000000001 0.9411764705882353 0.8888888888888888 0.9473684210526316 
0.19999999999999998 0.3636363636363636 0.5 0.6153846153846153 0.7142857142857143 0.8 0.8750000000000001 0.9411764705882353 0.8888888888888888 0.9473684210526316 
0.19999999999999998 0.3636363636363636 0.5 0.6153846153846153 0.7142857142857143 0.8 0.8750000000000001 0.9411764705882353 1.0 0.9473684210526316 
0.19999999999999998 0.3636363636363636 0.5 0.6153846153846153 0.7142857142857143 0.8 0.8750000000000001 0.9411764705882353 0.8888888888888888 0.9473684210526316 
0.5 0.8 1.0 0.8571428571428571 0.7499999999999999 0.6666666666666666 0.6 0.5454545454545454 0.5 0.4615384615384615 
0.25 0.4444444444444445 0.6 0.7272727272727273 0.8333333333333333 0.923076923076923 1.0 0.9333333333333333 0.8750000000000001 0.8235294117647058 
0.2857142857142857 0.5 0.6666666666666666 0.8 0.9090909090909091 1.0 0.923076923076923 0.8571428571428571 0.8 0.7499999999999999 
0.18181818181818182 0.33333333333333337 0.4615384615384615 0.5714285714285715 0.6666666666666666 0.7499999999999999 0.8235294117647058 0.888888888888889 0.9473684210526316 1.0 
0.19999999999999998 0.3636363636363636 0.5 0.6153846153846153 0.7142857142857143 0.8 0.8750000000000001 0.9411764705882353 1.0 0.9473684210526316 
0.25 0.4444444444444445 0.6 0.7272727272727273 0.8333333333333333 0.923076923076923 1.0 0.9333333333333333 0.8750000000000001 0.8235294117647058 
0.25 0.4444444444444445 0.6 0.7272727272727273 0.8333333333333333 0.923076923076923 1.0 0.9333333333333333 0.8750000000000001 0.8235294117647058 
0.19999999999999998 0.3636363636363636 0.5 0.6153846153846153 0.7142857142857143 0.8 0.8750000000000001 0.9411764705882353 1.0 0.9473684210526316 
0.25 0.4444444444444445 0.6 0.7272727272727273 0.8333333333333333 0.923076923076923 0.8571428571428571 0.9333333333333333 0.8750000000000001 0.8235294117647058 
0.18181818181818182 0.33333333333333337 0.4615384615384615 0.5714285714285715 0.6666666666666666 0.7499999999999999 0.8235294117647058 0.888888888888889 0.9473684210526316 1.0 
0.19999999999999998 0.3636363636363636 0.5 0.6153846153846153 0.7142857142857143 0.8 0.8750000000000001 0.9411764705882353 1.0 0.9473684210526316 
0.19999999999999998 0.3636363636363636 0.5 0.6153846153846153 0.7142857142857143 0.8 0.8750000000000001 0.9411764705882353 1.0 0.9473684210526316 
0.2222222222222222 0.4 0.5454545454545454 0.6666666666666666 0.7692307692307693 0.8571428571428571 0.9333333333333333 1.0 0.9411764705882353 0.888888888888889 
0.2857142857142857 0.5 0.6666666666666666 0.8 0.9090909090909091 1.0 0.923076923076923 0.8571428571428571 0.8 0.7499999999999999 
0.4 0.6666666666666666 0.8571428571428571 1.0 0.888888888888889 0.8 0.7272727272727273 0.6666666666666666 0.6153846153846153 0.5714285714285715 

f0.5@ results:
0.35714285714285715 0.5555555555555556 0.6818181818181818 0.7692307692307692 0.8333333333333334 0.8823529411764706 0.9210526315789475 0.9523809523809523 0.9782608695652175 1.0 
0.4545454545454545 0.6666666666666666 0.7894736842105262 0.8695652173913042 0.9259259259259259 0.9677419354838709 0.8571428571428571 0.8974358974358975 0.813953488372093 0.7446808510638298 
0.4545454545454545 0.6666666666666666 0.7894736842105262 0.8695652173913042 0.9259259259259259 0.9677419354838709 1.0 0.8974358974358975 0.813953488372093 0.7446808510638298 
0.4545454545454545 0.6666666666666666 0.7894736842105262 0.8695652173913042 0.9259259259259259 0.9677419354838709 1.0 0.8974358974358975 0.813953488372093 0.7446808510638298 
0.5555555555555556 0.7692307692307692 0.8823529411764706 0.9523809523809523 1.0 0.8620689655172415 0.7575757575757576 0.6756756756756757 0.6097560975609756 0.5555555555555556 
0.35714285714285715 0.5555555555555556 0.6818181818181818 0.7692307692307692 0.8333333333333334 0.8823529411764706 0.9210526315789475 0.9523809523809523 0.9782608695652175 1.0 
0.4166666666666667 0.625 0.75 0.8333333333333334 0.8928571428571429 0.9375 0.9722222222222222 1.0 0.9090909090909091 0.8333333333333334 
0.38461538461538464 0.5882352941176471 0.7142857142857143 0.8 0.8620689655172413 0.9090909090909091 0.945945945945946 0.9756097560975611 1.0 0.9183673469387754 
0.38461538461538464 0.5882352941176471 0.7142857142857143 0.8 0.8620689655172413 0.9090909090909091 0.945945945945946 0.9756097560975611 1.0 0.9183673469387754 
0.38461538461538464 0.5882352941176471 0.7142857142857143 0.8 0.8620689655172413 0.9090909090909091 0.945945945945946 0.9756097560975611 1.0 0.9183673469387754 
0.625 0.8333333333333334 0.9375 1.0 0.8333333333333334 0.7142857142857142 0.625 0.5555555555555556 0.5 0.45454545454545453 
0.4545454545454545 0.6666666666666666 0.7894736842105262 0.8695652173913042 0.9259259259259259 0.9677419354838709 1.0 0.8974358974358975 0.813953488372093 0.7446808510638298 
0.4545454545454545 0.6666666666666666 0.7894736842105262 0.8695652173913042 0.9259259259259259 0.9677419354838709 1.0 0.8974358974358975 0.813953488372093 0.7446808510638298 
0.5 0.7142857142857143 0.8333333333333334 0.9090909090909091 0.9615384615384615 1.0 0.8823529411764707 0.7894736842105263 0.7142857142857142 0.6521739130434783 
0.4545454545454545 0.6666666666666666 0.7894736842105262 0.8695652173913042 0.9259259259259259 0.9677419354838709 1.0 0.8974358974358975 0.813953488372093 0.7446808510638298 
0.4545454545454545 0.6666666666666666 0.7894736842105262 0.8695652173913042 0.9259259259259259 0.9677419354838709 0.8571428571428571 0.8974358974358975 0.813953488372093 0.7446808510638298 
0.5555555555555556 0.7692307692307692 0.8823529411764706 0.9523809523809523 1.0 0.8620689655172415 0.7575757575757576 0.6756756756756757 0.6097560975609756 0.5555555555555556 
0.4545454545454545 0.6666666666666666 0.7894736842105262 0.8695652173913042 0.9259259259259259 0.9677419354838709 1.0 0.8974358974358975 0.813953488372093 0.7446808510638298 
0.35714285714285715 0.5555555555555556 0.6818181818181818 0.7692307692307692 0.8333333333333334 0.8823529411764706 0.9210526315789475 0.9523809523809523 0.9782608695652175 1.0 
0.4166666666666667 0.625 0.75 0.8333333333333334 0.8928571428571429 0.9375 0.9722222222222222 1.0 0.9090909090909091 0.8333333333333334 
0.5 0.7142857142857143 0.8333333333333334 0.9090909090909091 0.9615384615384615 1.0 0.8823529411764707 0.7894736842105263 0.7142857142857142 0.6521739130434783 
0.4166666666666667 0.625 0.75 0.8333333333333334 0.8928571428571429 0.9375 0.9722222222222222 1.0 0.9090909090909091 0.8333333333333334 
0.4545454545454545 0.6666666666666666 0.7894736842105262 0.8695652173913042 0.9259259259259259 0.9677419354838709 0.8571428571428571 0.7692307692307692 0.813953488372093 0.7446808510638298 
0.625 0.8333333333333334 0.9375 1.0 0.8333333333333334 0.7142857142857142 0.625 0.5555555555555556 0.5 0.45454545454545453 
0.4545454545454545 0.6666666666666666 0.7894736842105262 0.8695652173913042 0.9259259259259259 0.9677419354838709 1.0 0.8974358974358975 0.813953488372093 0.7446808510638298 
0.5 0.7142857142857143 0.8333333333333334 0.9090909090909091 0.9615384615384615 1.0 0.8823529411764707 0.7894736842105263 0.7142857142857142 0.6521739130434783 
0.5555555555555556 0.7692307692307692 0.8823529411764706 0.9523809523809523 1.0 0.8620689655172415 0.7575757575757576 0.6756756756756757 0.6097560975609756 0.5555555555555556 
0.4545454545454545 0.6666666666666666 0.7894736842105262 0.8695652173913042 0.9259259259259259 0.9677419354838709 1.0 0.8974358974358975 0.813953488372093 0.7446808510638298 
0.4166666666666667 0.625 0.75 0.8333333333333334 0.8928571428571429 0.9375 0.9722222222222222 1.0 0.9090909090909091 0.8333333333333334 
0.35714285714285715 0.5555555555555556 0.6818181818181818 0.7692307692307692 0.8333333333333334 0.8823529411764706 0.9210526315789475 0.9523809523809523 0.9782608695652175 1.0 
0.35714285714285715 0.5555555555555556 0.6818181818181818 0.7692307692307692 0.8333333333333334 0.8823529411764706 0.9210526315789475 0.9523809523809523 0.9782608695652175 1.0 
0.38461538461538464 0.5882352941176471 0.7142857142857143 0.8 0.8620689655172413 0.9090909090909091 0.945945945945946 0.9756097560975611 0.8888888888888888 0.9183673469387754 
0.5555555555555556 0.7692307692307692 0.8823529411764706 0.9523809523809523 1.0 0.8620689655172415 0.7575757575757576 0.6756756756756757 0.6097560975609756 0.5555555555555556 
0.5 0.7142857142857143 0.8333333333333334 0.9090909090909091 0.9615384615384615 1.0 0.8823529411764707 0.7894736842105263 0.7142857142857142 0.6521739130434783 
0.625 0.8333333333333334 0.9375 1.0 0.8333333333333334 0.7142857142857142 0.625 0.5555555555555556 0.5 0.45454545454545453 
0.5 0.7142857142857143 0.8333333333333334 0.9090909090909091 0.9615384615384615 1.0 0.8823529411764707 0.7894736842105263 0.7142857142857142 0.6521739130434783 
0.5 0.7142857142857143 0.8333333333333334 0.9090909090909091 0.9615384615384615 1.0 0.8823529411764707 0.7894736842105263 0.7142857142857142 0.6521739130434783 
0.5 0.7142857142857143 0.8333333333333334 0.9090909090909091 0.9615384615384615 1.0 0.8823529411764707 0.7894736842105263 0.7142857142857142 0.6521739130434783 
0.5555555555555556 0.7692307692307692 0.8823529411764706 0.9523809523809523 1.0 0.8620689655172415 0.7575757575757576 0.6756756756756757 0.6097560975609756 0.5555555555555556 
0.5555555555555556 0.7692307692307692 0.8823529411764706 0.9523809523809523 1.0 0.8620689655172415 0.7575757575757576 0.6756756756756757 0.6097560975609756 0.5555555555555556 
0.625 0.8333333333333334 0.9375 1.0 0.8333333333333334 0.7142857142857142 0.625 0.5555555555555556 0.5 0.45454545454545453 
0.5 0.7142857142857143 0.8333333333333334 0.9090909090909091 0.9615384615384615 1.0 0.8823529411764707 0.7894736842105263 0.7142857142857142 0.6521739130434783 
0.5555555555555556 0.7692307692307692 0.8823529411764706 0.9523809523809523 1.0 0.8620689655172415 0.7575757575757576 0.6756756756756757 0.6097560975609756 0.5555555555555556 
0.4166666666666667 0.625 0.75 0.8333333333333334 0.8928571428571429 0.9375 0.9722222222222222 1.0 0.9090909090909091 0.8333333333333334 
0.38461538461538464 0.5882352941176471 0.7142857142857143 0.8 0.8620689655172413 0.9090909090909091 0.945945945945946 0.9756097560975611 1.0 0.9183673469387754 
0.4545454545454545 0.6666666666666666 0.7894736842105262 0.8695652173913042 0.9259259259259259 0.9677419354838709 1.0 0.8974358974358975 0.813953488372093 0.7446808510638298 
0.38461538461538464 0.5882352941176471 0.7142857142857143 0.8 0.8620689655172413 0.9090909090909091 0.945945945945946 0.9756097560975611 1.0 0.9183673469387754 
0.4166666666666667 0.625 0.75 0.8333333333333334 0.8928571428571429 0.9375 0.9722222222222222 1.0 0.9090909090909091 0.8333333333333334 
0.4166666666666667 0.625 0.75 0.8333333333333334 0.8928571428571429 0.9375 0.9722222222222222 1.0 0.9090909090909091 0.8333333333333334 
0.4166666666666667 0.625 0.75 0.8333333333333334 0.8928571428571429 0.9375 0.9722222222222222 1.0 0.9090909090909091 0.8333333333333334 
0.4545454545454545 0.6666666666666666 0.7894736842105262 0.8695652173913042 0.9259259259259259 0.9677419354838709 0.8571428571428571 0.7692307692307692 0.813953488372093 0.7446808510638298 
0.5555555555555556 0.7692307692307692 0.8823529411764706 0.9523809523809523 1.0 0.8620689655172415 0.7575757575757576 0.6756756756756757 0.6097560975609756 0.5555555555555556 
0.4545454545454545 0.6666666666666666 0.7894736842105262 0.8695652173913042 0.9259259259259259 0.9677419354838709 1.0 0.8974358974358975 0.813953488372093 0.7446808510638298 
0.4166666666666667 0.625 0.75 0.8333333333333334 0.8928571428571429 0.9375 0.9722222222222222 1.0 0.9090909090909091 0.8333333333333334 
0.5555555555555556 0.7692307692307692 0.8823529411764706 0.9523809523809523 1.0 0.8620689655172415 0.7575757575757576 0.6756756756756757 0.6097560975609756 0.5555555555555556 
0.4545454545454545 0.6666666666666666 0.7894736842105262 0.8695652173913042 0.9259259259259259 0.9677419354838709 0.8571428571428571 0.7692307692307692 0.813953488372093 0.7446808510638298 
0.4166666666666667 0.625 0.75 0.8333333333333334 0.8928571428571429 0.9375 0.9722222222222222 1.0 0.9090909090909091 0.8333333333333334 
0.7142857142857143 0.9090909090909091 1.0 0.7894736842105263 0.6521739130434783 0.5555555555555556 0.48387096774193544 0.42857142857142855 0.3846153846153846 0.3488372093023256 
0.5 0.7142857142857143 0.8333333333333334 0.9090909090909091 0.9615384615384615 1.0 0.8823529411764707 0.7894736842105263 0.7142857142857142 0.6521739130434783 
0.5 0.7142857142857143 0.8333333333333334 0.9090909090909091 0.9615384615384615 1.0 0.8823529411764707 0.7894736842105263 0.7142857142857142 0.6521739130434783 
0.5 0.7142857142857143 0.8333333333333334 0.9090909090909091 0.7692307692307692 0.8333333333333334 0.8823529411764707 0.7894736842105263 0.7142857142857142 0.6521739130434783 
0.5 0.7142857142857143 0.8333333333333334 0.9090909090909091 0.9615384615384615 1.0 0.8823529411764707 0.7894736842105263 0.7142857142857142 0.6521739130434783 
0.5 0.7142857142857143 0.8333333333333334 0.9090909090909091 0.9615384615384615 1.0 0.8823529411764707 0.7894736842105263 0.7142857142857142 0.6521739130434783 
0.35714285714285715 0.5555555555555556 0.6818181818181818 0.7692307692307692 0.8333333333333334 0.8823529411764706 0.9210526315789475 0.9523809523809523 0.9782608695652175 1.0 
0.4545454545454545 0.6666666666666666 0.7894736842105262 0.8695652173913042 0.9259259259259259 0.9677419354838709 1.0 0.8974358974358975 0.813953488372093 0.7446808510638298 
0.5 0.7142857142857143 0.8333333333333334 0.9090909090909091 0.9615384615384615 0.8333333333333334 0.7352941176470589 0.7894736842105263 0.7142857142857142 0.6521739130434783 
0.4166666666666667 0.625 0.75 0.8333333333333334 0.8928571428571429 0.9375 0.9722222222222222 1.0 0.9090909090909091 0.8333333333333334 
0.38461538461538464 0.5882352941176471 0.7142857142857143 0.8 0.8620689655172413 0.9090909090909091 0.945945945945946 0.9756097560975611 1.0 0.9183673469387754 
0.5 0.7142857142857143 0.8333333333333334 0.9090909090909091 0.9615384615384615 0.8333333333333334 0.8823529411764707 0.7894736842105263 0.7142857142857142 0.6521739130434783 
0.8333333333333334 1.0 0.7142857142857142 0.5555555555555556 0.45454545454545453 0.3846153846153846 0.3333333333333333 0.29411764705882354 0.2631578947368421 0.23809523809523808 
0.4545454545454545 0.6666666666666666 0.7894736842105262 0.8695652173913042 0.9259259259259259 0.9677419354838709 1.0 0.8974358974358975 0.813953488372093 0.7446808510638298 
0.4166666666666667 0.625 0.75 0.8333333333333334 0.8928571428571429 0.9375 0.9722222222222222 1.0 0.9090909090909091 0.8333333333333334 
0.5555555555555556 0.7692307692307692 0.8823529411764706 0.9523809523809523 1.0 0.8620689655172415 0.7575757575757576 0.6756756756756757 0.6097560975609756 0.5555555555555556 
0.4545454545454545 0.6666666666666666 0.7894736842105262 0.8695652173913042 0.9259259259259259 0.9677419354838709 1.0 0.8974358974358975 0.813953488372093 0.7446808510638298 
0.625 0.8333333333333334 0.9375 0.75 0.8333333333333334 0.7142857142857142 0.625 0.5555555555555556 0.5 0.45454545454545453 
0.4545454545454545 0.6666666666666666 0.7894736842105262 0.8695652173913042 0.9259259259259259 0.9677419354838709 1.0 0.8974358974358975 0.813953488372093 0.7446808510638298 
0.38461538461538464 0.5882352941176471 0.7142857142857143 0.8 0.8620689655172413 0.9090909090909091 0.945945945945946 0.9756097560975611 1.0 0.9183673469387754 
0.5555555555555556 0.7692307692307692 0.8823529411764706 0.9523809523809523 1.0 0.8620689655172415 0.7575757575757576 0.6756756756756757 0.6097560975609756 0.5555555555555556 
0.5 0.7142857142857143 0.8333333333333334 0.9090909090909091 0.9615384615384615 1.0 0.8823529411764707 0.7894736842105263 0.7142857142857142 0.6521739130434783 
0.5 0.7142857142857143 0.8333333333333334 0.9090909090909091 0.9615384615384615 1.0 0.8823529411764707 0.7894736842105263 0.7142857142857142 0.6521739130434783 
0.38461538461538464 0.5882352941176471 0.7142857142857143 0.8 0.8620689655172413 0.9090909090909091 0.945945945945946 0.9756097560975611 0.8888888888888888 0.9183673469387754 
0.38461538461538464 0.5882352941176471 0.7142857142857143 0.8 0.8620689655172413 0.9090909090909091 0.945945945945946 0.9756097560975611 0.8888888888888888 0.9183673469387754 
0.38461538461538464 0.5882352941176471 0.7142857142857143 0.8 0.8620689655172413 0.9090909090909091 0.945945945945946 0.9756097560975611 1.0 0.9183673469387754 
0.38461538461538464 0.5882352941176471 0.7142857142857143 0.8 0.8620689655172413 0.9090909090909091 0.945945945945946 0.9756097560975611 0.8888888888888888 0.9183673469387754 
0.7142857142857143 0.9090909090909091 1.0 0.7894736842105263 0.6521739130434783 0.5555555555555556 0.48387096774193544 0.42857142857142855 0.3846153846153846 0.3488372093023256 
0.4545454545454545 0.6666666666666666 0.7894736842105262 0.8695652173913042 0.9259259259259259 0.9677419354838709 1.0 0.8974358974358975 0.813953488372093 0.7446808510638298 
0.5 0.7142857142857143 0.8333333333333334 0.9090909090909091 0.9615384615384615 1.0 0.8823529411764707 0.7894736842105263 0.7142857142857142 0.6521739130434783 
0.35714285714285715 0.5555555555555556 0.6818181818181818 0.7692307692307692 0.8333333333333334 0.8823529411764706 0.9210526315789475 0.9523809523809523 0.9782608695652175 1.0 
0.38461538461538464 0.5882352941176471 0.7142857142857143 0.8 0.8620689655172413 0.9090909090909091 0.945945945945946 0.9756097560975611 1.0 0.9183673469387754 
0.4545454545454545 0.6666666666666666 0.7894736842105262 0.8695652173913042 0.9259259259259259 0.9677419354838709 1.0 0.8974358974358975 0.813953488372093 0.7446808510638298 
0.4545454545454545 0.6666666666666666 0.7894736842105262 0.8695652173913042 0.9259259259259259 0.9677419354838709 1.0 0.8974358974358975 0.813953488372093 0.7446808510638298 
0.38461538461538464 0.5882352941176471 0.7142857142857143 0.8 0.8620689655172413 0.9090909090909091 0.945945945945946 0.9756097560975611 1.0 0.9183673469387754 
0.4545454545454545 0.6666666666666666 0.7894736842105262 0.8695652173913042 0.9259259259259259 0.9677419354838709 0.8571428571428571 0.8974358974358975 0.813953488372093 0.7446808510638298 
0.35714285714285715 0.5555555555555556 0.6818181818181818 0.7692307692307692 0.8333333333333334 0.8823529411764706 0.9210526315789475 0.9523809523809523 0.9782608695652175 1.0 
0.38461538461538464 0.5882352941176471 0.7142857142857143 0.8 0.8620689655172413 0.9090909090909091 0.945945945945946 0.9756097560975611 1.0 0.9183673469387754 
0.38461538461538464 0.5882352941176471 0.7142857142857143 0.8 0.8620689655172413 0.9090909090909091 0.945945945945946 0.9756097560975611 1.0 0.9183673469387754 
0.4166666666666667 0.625 0.75 0.8333333333333334 0.8928571428571429 0.9375 0.9722222222222222 1.0 0.9090909090909091 0.8333333333333334 
0.5 0.7142857142857143 0.8333333333333334 0.9090909090909091 0.9615384615384615 1.0 0.8823529411764707 0.7894736842105263 0.7142857142857142 0.6521739130434783 
0.625 0.8333333333333334 0.9375 1.0 0.8333333333333334 0.7142857142857142 0.625 0.5555555555555556 0.5 0.45454545454545453 

