prescision@ average results:
1.0 0.9848484848484849 0.9393939393939396 0.8712121212121212 0.7818181818181817 

recall@ average results:
0.2934343434343432 0.5565656565656562 0.7649831649831647 0.9136363636363631 1.0 

F1@ average results:
0.43737373737373736 0.6877344877344869 0.8196007696007692 0.8698653198653191 0.8575036075036069 

F0.5@ average results:
0.6468855218855226 0.8308846036118762 0.882096117390234 0.8672137116409555 0.8080893634253316 

prescision@ results:
1.0 1.0 1.0 1.0 0.8 
1.0 1.0 1.0 1.0 1.0 
1.0 1.0 1.0 1.0 1.0 
1.0 1.0 1.0 1.0 0.8 
1.0 1.0 1.0 0.75 0.6 
1.0 1.0 1.0 1.0 1.0 
1.0 1.0 1.0 1.0 1.0 
1.0 1.0 1.0 1.0 1.0 
1.0 1.0 1.0 1.0 1.0 
1.0 1.0 1.0 0.75 0.8 
1.0 1.0 1.0 1.0 0.8 
1.0 1.0 1.0 1.0 1.0 
1.0 1.0 1.0 1.0 1.0 
1.0 1.0 1.0 0.75 0.6 
1.0 1.0 1.0 1.0 1.0 
1.0 1.0 1.0 1.0 0.8 
1.0 1.0 1.0 1.0 0.8 
1.0 1.0 1.0 1.0 1.0 
1.0 1.0 1.0 1.0 1.0 
1.0 1.0 1.0 1.0 1.0 
1.0 1.0 1.0 1.0 0.8 
1.0 1.0 1.0 1.0 1.0 
1.0 1.0 0.6666666666666666 0.5 0.4 
1.0 1.0 1.0 1.0 0.8 
1.0 1.0 1.0 1.0 0.8 
1.0 1.0 1.0 0.75 0.6 
1.0 1.0 1.0 1.0 0.8 
1.0 1.0 1.0 1.0 1.0 
1.0 0.5 0.3333333333333333 0.25 0.2 
1.0 1.0 1.0 1.0 0.8 
1.0 1.0 1.0 1.0 1.0 
1.0 1.0 1.0 1.0 1.0 
1.0 1.0 1.0 1.0 1.0 
1.0 1.0 1.0 1.0 0.8 
1.0 1.0 1.0 0.75 0.6 
1.0 1.0 1.0 0.75 0.6 
1.0 1.0 0.6666666666666666 0.5 0.4 
1.0 1.0 1.0 0.75 0.8 
1.0 1.0 0.6666666666666666 0.5 0.4 
1.0 1.0 1.0 0.75 0.6 
1.0 1.0 1.0 1.0 1.0 
1.0 1.0 1.0 1.0 1.0 
1.0 1.0 0.6666666666666666 0.75 0.6 
1.0 1.0 1.0 0.75 0.6 
1.0 1.0 1.0 0.75 0.6 
1.0 1.0 1.0 1.0 1.0 
1.0 1.0 1.0 1.0 1.0 
1.0 1.0 1.0 1.0 0.8 
1.0 1.0 1.0 0.75 0.6 
1.0 1.0 1.0 1.0 0.8 
1.0 1.0 1.0 1.0 1.0 
1.0 1.0 1.0 0.75 0.6 
1.0 1.0 1.0 0.75 0.6 
1.0 1.0 1.0 1.0 0.8 
1.0 1.0 1.0 1.0 0.8 
1.0 1.0 1.0 0.75 0.6 
1.0 1.0 1.0 1.0 0.8 
1.0 1.0 0.6666666666666666 0.5 0.4 
1.0 0.5 0.3333333333333333 0.25 0.2 
1.0 1.0 0.6666666666666666 0.5 0.4 
1.0 1.0 1.0 0.75 0.6 
1.0 1.0 1.0 0.75 0.6 
1.0 1.0 1.0 1.0 0.8 
1.0 1.0 1.0 1.0 1.0 
1.0 1.0 1.0 1.0 1.0 
1.0 1.0 1.0 1.0 0.8 
1.0 1.0 1.0 1.0 1.0 
1.0 1.0 1.0 1.0 1.0 
1.0 1.0 1.0 0.75 0.6 
1.0 1.0 1.0 0.75 0.6 
1.0 1.0 1.0 1.0 0.8 
1.0 1.0 1.0 1.0 0.8 
1.0 1.0 1.0 0.75 0.6 
1.0 1.0 0.6666666666666666 0.5 0.4 
1.0 1.0 1.0 1.0 0.8 
1.0 1.0 0.6666666666666666 0.75 0.6 
1.0 1.0 1.0 1.0 1.0 
1.0 1.0 0.6666666666666666 0.5 0.4 
1.0 1.0 1.0 1.0 1.0 
1.0 1.0 1.0 0.75 0.6 
1.0 1.0 1.0 1.0 1.0 
1.0 1.0 0.6666666666666666 0.75 0.8 
1.0 1.0 1.0 1.0 1.0 
1.0 1.0 1.0 1.0 1.0 
1.0 1.0 1.0 0.75 0.6 
1.0 1.0 0.6666666666666666 0.5 0.4 
1.0 0.5 0.3333333333333333 0.25 0.2 
1.0 1.0 1.0 1.0 1.0 
1.0 1.0 1.0 1.0 0.8 
1.0 1.0 1.0 1.0 1.0 
1.0 1.0 1.0 1.0 1.0 
1.0 1.0 1.0 1.0 1.0 
1.0 1.0 1.0 1.0 0.8 
1.0 1.0 1.0 1.0 1.0 
1.0 1.0 1.0 1.0 1.0 
1.0 1.0 1.0 1.0 1.0 
1.0 1.0 1.0 1.0 1.0 
1.0 1.0 0.6666666666666666 0.5 0.4 
1.0 1.0 1.0 1.0 0.8 

recall@ results:
0.25 0.5 0.75 1.0 1.0 
0.2 0.4 0.6 0.8 1.0 
0.2 0.4 0.6 0.8 1.0 
0.25 0.5 0.75 1.0 1.0 
0.3333333333333333 0.6666666666666666 1.0 1.0 1.0 
0.2 0.4 0.6 0.8 1.0 
0.2 0.4 0.6 0.8 1.0 
0.2 0.4 0.6 0.8 1.0 
0.2 0.4 0.6 0.8 1.0 
0.25 0.5 0.75 0.75 1.0 
0.25 0.5 0.75 1.0 1.0 
0.2 0.4 0.6 0.8 1.0 
0.2 0.4 0.6 0.8 1.0 
0.3333333333333333 0.6666666666666666 1.0 1.0 1.0 
0.2 0.4 0.6 0.8 1.0 
0.25 0.5 0.75 1.0 1.0 
0.25 0.5 0.75 1.0 1.0 
0.2 0.4 0.6 0.8 1.0 
0.2 0.4 0.6 0.8 1.0 
0.2 0.4 0.6 0.8 1.0 
0.25 0.5 0.75 1.0 1.0 
0.2 0.4 0.6 0.8 1.0 
0.5 1.0 1.0 1.0 1.0 
0.25 0.5 0.75 1.0 1.0 
0.25 0.5 0.75 1.0 1.0 
0.3333333333333333 0.6666666666666666 1.0 1.0 1.0 
0.25 0.5 0.75 1.0 1.0 
0.2 0.4 0.6 0.8 1.0 
1.0 1.0 1.0 1.0 1.0 
0.25 0.5 0.75 1.0 1.0 
0.2 0.4 0.6 0.8 1.0 
0.2 0.4 0.6 0.8 1.0 
0.2 0.4 0.6 0.8 1.0 
0.25 0.5 0.75 1.0 1.0 
0.3333333333333333 0.6666666666666666 1.0 1.0 1.0 
0.3333333333333333 0.6666666666666666 1.0 1.0 1.0 
0.5 1.0 1.0 1.0 1.0 
0.25 0.5 0.75 0.75 1.0 
0.5 1.0 1.0 1.0 1.0 
0.3333333333333333 0.6666666666666666 1.0 1.0 1.0 
0.2 0.4 0.6 0.8 1.0 
0.2 0.4 0.6 0.8 1.0 
0.3333333333333333 0.6666666666666666 0.6666666666666666 1.0 1.0 
0.3333333333333333 0.6666666666666666 1.0 1.0 1.0 
0.3333333333333333 0.6666666666666666 1.0 1.0 1.0 
0.2 0.4 0.6 0.8 1.0 
0.2 0.4 0.6 0.8 1.0 
0.25 0.5 0.75 1.0 1.0 
0.3333333333333333 0.6666666666666666 1.0 1.0 1.0 
0.25 0.5 0.75 1.0 1.0 
0.2 0.4 0.6 0.8 1.0 
0.3333333333333333 0.6666666666666666 1.0 1.0 1.0 
0.3333333333333333 0.6666666666666666 1.0 1.0 1.0 
0.25 0.5 0.75 1.0 1.0 
0.25 0.5 0.75 1.0 1.0 
0.3333333333333333 0.6666666666666666 1.0 1.0 1.0 
0.25 0.5 0.75 1.0 1.0 
0.5 1.0 1.0 1.0 1.0 
1.0 1.0 1.0 1.0 1.0 
0.5 1.0 1.0 1.0 1.0 
0.3333333333333333 0.6666666666666666 1.0 1.0 1.0 
0.3333333333333333 0.6666666666666666 1.0 1.0 1.0 
0.25 0.5 0.75 1.0 1.0 
0.2 0.4 0.6 0.8 1.0 
0.2 0.4 0.6 0.8 1.0 
0.25 0.5 0.75 1.0 1.0 
0.2 0.4 0.6 0.8 1.0 
0.2 0.4 0.6 0.8 1.0 
0.3333333333333333 0.6666666666666666 1.0 1.0 1.0 
0.3333333333333333 0.6666666666666666 1.0 1.0 1.0 
0.25 0.5 0.75 1.0 1.0 
0.25 0.5 0.75 1.0 1.0 
0.3333333333333333 0.6666666666666666 1.0 1.0 1.0 
0.5 1.0 1.0 1.0 1.0 
0.25 0.5 0.75 1.0 1.0 
0.3333333333333333 0.6666666666666666 0.6666666666666666 1.0 1.0 
0.2 0.4 0.6 0.8 1.0 
0.5 1.0 1.0 1.0 1.0 
0.2 0.4 0.6 0.8 1.0 
0.3333333333333333 0.6666666666666666 1.0 1.0 1.0 
0.2 0.4 0.6 0.8 1.0 
0.25 0.5 0.5 0.75 1.0 
0.2 0.4 0.6 0.8 1.0 
0.2 0.4 0.6 0.8 1.0 
0.3333333333333333 0.6666666666666666 1.0 1.0 1.0 
0.5 1.0 1.0 1.0 1.0 
1.0 1.0 1.0 1.0 1.0 
0.2 0.4 0.6 0.8 1.0 
0.25 0.5 0.75 1.0 1.0 
0.2 0.4 0.6 0.8 1.0 
0.2 0.4 0.6 0.8 1.0 
0.2 0.4 0.6 0.8 1.0 
0.25 0.5 0.75 1.0 1.0 
0.2 0.4 0.6 0.8 1.0 
0.2 0.4 0.6 0.8 1.0 
0.2 0.4 0.6 0.8 1.0 
0.2 0.4 0.6 0.8 1.0 
0.5 1.0 1.0 1.0 1.0 
0.25 0.5 0.75 1.0 1.0 

f1@ results:
0.4 0.6666666666666666 0.8571428571428571 1.0 0.888888888888889 
0.33333333333333337 0.5714285714285715 0.7499999999999999 0.888888888888889 1.0 
0.33333333333333337 0.5714285714285715 0.7499999999999999 0.888888888888889 1.0 
0.4 0.6666666666666666 0.8571428571428571 1.0 0.888888888888889 
0.5 0.8 1.0 0.8571428571428571 0.7499999999999999 
0.33333333333333337 0.5714285714285715 0.7499999999999999 0.888888888888889 1.0 
0.33333333333333337 0.5714285714285715 0.7499999999999999 0.888888888888889 1.0 
0.33333333333333337 0.5714285714285715 0.7499999999999999 0.888888888888889 1.0 
0.33333333333333337 0.5714285714285715 0.7499999999999999 0.888888888888889 1.0 
0.4 0.6666666666666666 0.8571428571428571 0.75 0.888888888888889 
0.4 0.6666666666666666 0.8571428571428571 1.0 0.888888888888889 
0.33333333333333337 0.5714285714285715 0.7499999999999999 0.888888888888889 1.0 
0.33333333333333337 0.5714285714285715 0.7499999999999999 0.888888888888889 1.0 
0.5 0.8 1.0 0.8571428571428571 0.7499999999999999 
0.33333333333333337 0.5714285714285715 0.7499999999999999 0.888888888888889 1.0 
0.4 0.6666666666666666 0.8571428571428571 1.0 0.888888888888889 
0.4 0.6666666666666666 0.8571428571428571 1.0 0.888888888888889 
0.33333333333333337 0.5714285714285715 0.7499999999999999 0.888888888888889 1.0 
0.33333333333333337 0.5714285714285715 0.7499999999999999 0.888888888888889 1.0 
0.33333333333333337 0.5714285714285715 0.7499999999999999 0.888888888888889 1.0 
0.4 0.6666666666666666 0.8571428571428571 1.0 0.888888888888889 
0.33333333333333337 0.5714285714285715 0.7499999999999999 0.888888888888889 1.0 
0.6666666666666666 1.0 0.8 0.6666666666666666 0.5714285714285715 
0.4 0.6666666666666666 0.8571428571428571 1.0 0.888888888888889 
0.4 0.6666666666666666 0.8571428571428571 1.0 0.888888888888889 
0.5 0.8 1.0 0.8571428571428571 0.7499999999999999 
0.4 0.6666666666666666 0.8571428571428571 1.0 0.888888888888889 
0.33333333333333337 0.5714285714285715 0.7499999999999999 0.888888888888889 1.0 
1.0 0.6666666666666666 0.5 0.4 0.33333333333333337 
0.4 0.6666666666666666 0.8571428571428571 1.0 0.888888888888889 
0.33333333333333337 0.5714285714285715 0.7499999999999999 0.888888888888889 1.0 
0.33333333333333337 0.5714285714285715 0.7499999999999999 0.888888888888889 1.0 
0.33333333333333337 0.5714285714285715 0.7499999999999999 0.888888888888889 1.0 
0.4 0.6666666666666666 0.8571428571428571 1.0 0.888888888888889 
0.5 0.8 1.0 0.8571428571428571 0.7499999999999999 
0.5 0.8 1.0 0.8571428571428571 0.7499999999999999 
0.6666666666666666 1.0 0.8 0.6666666666666666 0.5714285714285715 
0.4 0.6666666666666666 0.8571428571428571 0.75 0.888888888888889 
0.6666666666666666 1.0 0.8 0.6666666666666666 0.5714285714285715 
0.5 0.8 1.0 0.8571428571428571 0.7499999999999999 
0.33333333333333337 0.5714285714285715 0.7499999999999999 0.888888888888889 1.0 
0.33333333333333337 0.5714285714285715 0.7499999999999999 0.888888888888889 1.0 
0.5 0.8 0.6666666666666666 0.8571428571428571 0.7499999999999999 
0.5 0.8 1.0 0.8571428571428571 0.7499999999999999 
0.5 0.8 1.0 0.8571428571428571 0.7499999999999999 
0.33333333333333337 0.5714285714285715 0.7499999999999999 0.888888888888889 1.0 
0.33333333333333337 0.5714285714285715 0.7499999999999999 0.888888888888889 1.0 
0.4 0.6666666666666666 0.8571428571428571 1.0 0.888888888888889 
0.5 0.8 1.0 0.8571428571428571 0.7499999999999999 
0.4 0.6666666666666666 0.8571428571428571 1.0 0.888888888888889 
0.33333333333333337 0.5714285714285715 0.7499999999999999 0.888888888888889 1.0 
0.5 0.8 1.0 0.8571428571428571 0.7499999999999999 
0.5 0.8 1.0 0.8571428571428571 0.7499999999999999 
0.4 0.6666666666666666 0.8571428571428571 1.0 0.888888888888889 
0.4 0.6666666666666666 0.8571428571428571 1.0 0.888888888888889 
0.5 0.8 1.0 0.8571428571428571 0.7499999999999999 
0.4 0.6666666666666666 0.8571428571428571 1.0 0.888888888888889 
0.6666666666666666 1.0 0.8 0.6666666666666666 0.5714285714285715 
1.0 0.6666666666666666 0.5 0.4 0.33333333333333337 
0.6666666666666666 1.0 0.8 0.6666666666666666 0.5714285714285715 
0.5 0.8 1.0 0.8571428571428571 0.7499999999999999 
0.5 0.8 1.0 0.8571428571428571 0.7499999999999999 
0.4 0.6666666666666666 0.8571428571428571 1.0 0.888888888888889 
0.33333333333333337 0.5714285714285715 0.7499999999999999 0.888888888888889 1.0 
0.33333333333333337 0.5714285714285715 0.7499999999999999 0.888888888888889 1.0 
0.4 0.6666666666666666 0.8571428571428571 1.0 0.888888888888889 
0.33333333333333337 0.5714285714285715 0.7499999999999999 0.888888888888889 1.0 
0.33333333333333337 0.5714285714285715 0.7499999999999999 0.888888888888889 1.0 
0.5 0.8 1.0 0.8571428571428571 0.7499999999999999 
0.5 0.8 1.0 0.8571428571428571 0.7499999999999999 
0.4 0.6666666666666666 0.8571428571428571 1.0 0.888888888888889 
0.4 0.6666666666666666 0.8571428571428571 1.0 0.888888888888889 
0.5 0.8 1.0 0.8571428571428571 0.7499999999999999 
0.6666666666666666 1.0 0.8 0.6666666666666666 0.5714285714285715 
0.4 0.6666666666666666 0.8571428571428571 1.0 0.888888888888889 
0.5 0.8 0.6666666666666666 0.8571428571428571 0.7499999999999999 
0.33333333333333337 0.5714285714285715 0.7499999999999999 0.888888888888889 1.0 
0.6666666666666666 1.0 0.8 0.6666666666666666 0.5714285714285715 
0.33333333333333337 0.5714285714285715 0.7499999999999999 0.888888888888889 1.0 
0.5 0.8 1.0 0.8571428571428571 0.7499999999999999 
0.33333333333333337 0.5714285714285715 0.7499999999999999 0.888888888888889 1.0 
0.4 0.6666666666666666 0.5714285714285715 0.75 0.888888888888889 
0.33333333333333337 0.5714285714285715 0.7499999999999999 0.888888888888889 1.0 
0.33333333333333337 0.5714285714285715 0.7499999999999999 0.888888888888889 1.0 
0.5 0.8 1.0 0.8571428571428571 0.7499999999999999 
0.6666666666666666 1.0 0.8 0.6666666666666666 0.5714285714285715 
1.0 0.6666666666666666 0.5 0.4 0.33333333333333337 
0.33333333333333337 0.5714285714285715 0.7499999999999999 0.888888888888889 1.0 
0.4 0.6666666666666666 0.8571428571428571 1.0 0.888888888888889 
0.33333333333333337 0.5714285714285715 0.7499999999999999 0.888888888888889 1.0 
0.33333333333333337 0.5714285714285715 0.7499999999999999 0.888888888888889 1.0 
0.33333333333333337 0.5714285714285715 0.7499999999999999 0.888888888888889 1.0 
0.4 0.6666666666666666 0.8571428571428571 1.0 0.888888888888889 
0.33333333333333337 0.5714285714285715 0.7499999999999999 0.888888888888889 1.0 
0.33333333333333337 0.5714285714285715 0.7499999999999999 0.888888888888889 1.0 
0.33333333333333337 0.5714285714285715 0.7499999999999999 0.888888888888889 1.0 
0.33333333333333337 0.5714285714285715 0.7499999999999999 0.888888888888889 1.0 
0.6666666666666666 1.0 0.8 0.6666666666666666 0.5714285714285715 
0.4 0.6666666666666666 0.8571428571428571 1.0 0.888888888888889 

f0.5@ results:
0.625 0.8333333333333334 0.9375 1.0 0.8333333333333334 
0.5555555555555556 0.7692307692307692 0.8823529411764706 0.9523809523809523 1.0 
0.5555555555555556 0.7692307692307692 0.8823529411764706 0.9523809523809523 1.0 
0.625 0.8333333333333334 0.9375 1.0 0.8333333333333334 
0.7142857142857143 0.9090909090909091 1.0 0.7894736842105263 0.6521739130434783 
0.5555555555555556 0.7692307692307692 0.8823529411764706 0.9523809523809523 1.0 
0.5555555555555556 0.7692307692307692 0.8823529411764706 0.9523809523809523 1.0 
0.5555555555555556 0.7692307692307692 0.8823529411764706 0.9523809523809523 1.0 
0.5555555555555556 0.7692307692307692 0.8823529411764706 0.9523809523809523 1.0 
0.625 0.8333333333333334 0.9375 0.75 0.8333333333333334 
0.625 0.8333333333333334 0.9375 1.0 0.8333333333333334 
0.5555555555555556 0.7692307692307692 0.8823529411764706 0.9523809523809523 1.0 
0.5555555555555556 0.7692307692307692 0.8823529411764706 0.9523809523809523 1.0 
0.7142857142857143 0.9090909090909091 1.0 0.7894736842105263 0.6521739130434783 
0.5555555555555556 0.7692307692307692 0.8823529411764706 0.9523809523809523 1.0 
0.625 0.8333333333333334 0.9375 1.0 0.8333333333333334 
0.625 0.8333333333333334 0.9375 1.0 0.8333333333333334 
0.5555555555555556 0.7692307692307692 0.8823529411764706 0.9523809523809523 1.0 
0.5555555555555556 0.7692307692307692 0.8823529411764706 0.9523809523809523 1.0 
0.5555555555555556 0.7692307692307692 0.8823529411764706 0.9523809523809523 1.0 
0.625 0.8333333333333334 0.9375 1.0 0.8333333333333334 
0.5555555555555556 0.7692307692307692 0.8823529411764706 0.9523809523809523 1.0 
0.8333333333333334 1.0 0.7142857142857142 0.5555555555555556 0.45454545454545453 
0.625 0.8333333333333334 0.9375 1.0 0.8333333333333334 
0.625 0.8333333333333334 0.9375 1.0 0.8333333333333334 
0.7142857142857143 0.9090909090909091 1.0 0.7894736842105263 0.6521739130434783 
0.625 0.8333333333333334 0.9375 1.0 0.8333333333333334 
0.5555555555555556 0.7692307692307692 0.8823529411764706 0.9523809523809523 1.0 
1.0 0.5555555555555556 0.3846153846153846 0.29411764705882354 0.23809523809523808 
0.625 0.8333333333333334 0.9375 1.0 0.8333333333333334 
0.5555555555555556 0.7692307692307692 0.8823529411764706 0.9523809523809523 1.0 
0.5555555555555556 0.7692307692307692 0.8823529411764706 0.9523809523809523 1.0 
0.5555555555555556 0.7692307692307692 0.8823529411764706 0.9523809523809523 1.0 
0.625 0.8333333333333334 0.9375 1.0 0.8333333333333334 
0.7142857142857143 0.9090909090909091 1.0 0.7894736842105263 0.6521739130434783 
0.7142857142857143 0.9090909090909091 1.0 0.7894736842105263 0.6521739130434783 
0.8333333333333334 1.0 0.7142857142857142 0.5555555555555556 0.45454545454545453 
0.625 0.8333333333333334 0.9375 0.75 0.8333333333333334 
0.8333333333333334 1.0 0.7142857142857142 0.5555555555555556 0.45454545454545453 
0.7142857142857143 0.9090909090909091 1.0 0.7894736842105263 0.6521739130434783 
0.5555555555555556 0.7692307692307692 0.8823529411764706 0.9523809523809523 1.0 
0.5555555555555556 0.7692307692307692 0.8823529411764706 0.9523809523809523 1.0 
0.7142857142857143 0.9090909090909091 0.6666666666666666 0.7894736842105263 0.6521739130434783 
0.7142857142857143 0.9090909090909091 1.0 0.7894736842105263 0.6521739130434783 
0.7142857142857143 0.9090909090909091 1.0 0.7894736842105263 0.6521739130434783 
0.5555555555555556 0.7692307692307692 0.8823529411764706 0.9523809523809523 1.0 
0.5555555555555556 0.7692307692307692 0.8823529411764706 0.9523809523809523 1.0 
0.625 0.8333333333333334 0.9375 1.0 0.8333333333333334 
0.7142857142857143 0.9090909090909091 1.0 0.7894736842105263 0.6521739130434783 
0.625 0.8333333333333334 0.9375 1.0 0.8333333333333334 
0.5555555555555556 0.7692307692307692 0.8823529411764706 0.9523809523809523 1.0 
0.7142857142857143 0.9090909090909091 1.0 0.7894736842105263 0.6521739130434783 
0.7142857142857143 0.9090909090909091 1.0 0.7894736842105263 0.6521739130434783 
0.625 0.8333333333333334 0.9375 1.0 0.8333333333333334 
0.625 0.8333333333333334 0.9375 1.0 0.8333333333333334 
0.7142857142857143 0.9090909090909091 1.0 0.7894736842105263 0.6521739130434783 
0.625 0.8333333333333334 0.9375 1.0 0.8333333333333334 
0.8333333333333334 1.0 0.7142857142857142 0.5555555555555556 0.45454545454545453 
1.0 0.5555555555555556 0.3846153846153846 0.29411764705882354 0.23809523809523808 
0.8333333333333334 1.0 0.7142857142857142 0.5555555555555556 0.45454545454545453 
0.7142857142857143 0.9090909090909091 1.0 0.7894736842105263 0.6521739130434783 
0.7142857142857143 0.9090909090909091 1.0 0.7894736842105263 0.6521739130434783 
0.625 0.8333333333333334 0.9375 1.0 0.8333333333333334 
0.5555555555555556 0.7692307692307692 0.8823529411764706 0.9523809523809523 1.0 
0.5555555555555556 0.7692307692307692 0.8823529411764706 0.9523809523809523 1.0 
0.625 0.8333333333333334 0.9375 1.0 0.8333333333333334 
0.5555555555555556 0.7692307692307692 0.8823529411764706 0.9523809523809523 1.0 
0.5555555555555556 0.7692307692307692 0.8823529411764706 0.9523809523809523 1.0 
0.7142857142857143 0.9090909090909091 1.0 0.7894736842105263 0.6521739130434783 
0.7142857142857143 0.9090909090909091 1.0 0.7894736842105263 0.6521739130434783 
0.625 0.8333333333333334 0.9375 1.0 0.8333333333333334 
0.625 0.8333333333333334 0.9375 1.0 0.8333333333333334 
0.7142857142857143 0.9090909090909091 1.0 0.7894736842105263 0.6521739130434783 
0.8333333333333334 1.0 0.7142857142857142 0.5555555555555556 0.45454545454545453 
0.625 0.8333333333333334 0.9375 1.0 0.8333333333333334 
0.7142857142857143 0.9090909090909091 0.6666666666666666 0.7894736842105263 0.6521739130434783 
0.5555555555555556 0.7692307692307692 0.8823529411764706 0.9523809523809523 1.0 
0.8333333333333334 1.0 0.7142857142857142 0.5555555555555556 0.45454545454545453 
0.5555555555555556 0.7692307692307692 0.8823529411764706 0.9523809523809523 1.0 
0.7142857142857143 0.9090909090909091 1.0 0.7894736842105263 0.6521739130434783 
0.5555555555555556 0.7692307692307692 0.8823529411764706 0.9523809523809523 1.0 
0.625 0.8333333333333334 0.625 0.75 0.8333333333333334 
0.5555555555555556 0.7692307692307692 0.8823529411764706 0.9523809523809523 1.0 
0.5555555555555556 0.7692307692307692 0.8823529411764706 0.9523809523809523 1.0 
0.7142857142857143 0.9090909090909091 1.0 0.7894736842105263 0.6521739130434783 
0.8333333333333334 1.0 0.7142857142857142 0.5555555555555556 0.45454545454545453 
1.0 0.5555555555555556 0.3846153846153846 0.29411764705882354 0.23809523809523808 
0.5555555555555556 0.7692307692307692 0.8823529411764706 0.9523809523809523 1.0 
0.625 0.8333333333333334 0.9375 1.0 0.8333333333333334 
0.5555555555555556 0.7692307692307692 0.8823529411764706 0.9523809523809523 1.0 
0.5555555555555556 0.7692307692307692 0.8823529411764706 0.9523809523809523 1.0 
0.5555555555555556 0.7692307692307692 0.8823529411764706 0.9523809523809523 1.0 
0.625 0.8333333333333334 0.9375 1.0 0.8333333333333334 
0.5555555555555556 0.7692307692307692 0.8823529411764706 0.9523809523809523 1.0 
0.5555555555555556 0.7692307692307692 0.8823529411764706 0.9523809523809523 1.0 
0.5555555555555556 0.7692307692307692 0.8823529411764706 0.9523809523809523 1.0 
0.5555555555555556 0.7692307692307692 0.8823529411764706 0.9523809523809523 1.0 
0.8333333333333334 1.0 0.7142857142857142 0.5555555555555556 0.45454545454545453 
0.625 0.8333333333333334 0.9375 1.0 0.8333333333333334 

