276,[144 116  81 159 140  62 131  94 143 153 102  51 154 162  76 162  54 161
 153 154 163 141  65 160 148 160 155 112  62 106  98 163 153  48  46 158
 137  99 165 144 122  37 159 131  75  68  99  94  51 159  32 163 162  74
 161 111 167  99 141 147 148 101 120 141  75 145 146 146 135 163 159 157
 159 156 159 144 157  29  76 154  80 158  34  44 148 157 155 154  43 134
  64 145 158  26 148 142  68 157 123 149  75 156  47  28  54 164 155 136
  81 111 131 159  99 132  91 150 143 133 162 156  88  55  33  44  34  62
  86  42 149  63  44  91 107 154 150 160  89  78 156 158 160  88 145 157
 152 158  37 151 107 156 155 112 152 149  57  29 151 106  88  64 119 143
  69  56  61  66  55 127  86 130  54  40 136 145  79  93  16 151 159 145
  49 148 161 160 147 136  83 101 161 160 159  86 154 102  48  50 110 163
  36 157 114  68  35  81  51  66  66 159 153 155  58 106  39  45 166 168
  38 100 161  55 161 155  50 146 156 126 156 155 153  65 151 166 139 156
  88  58  94 159 160 151  50 144  42  76  74 142 123  70  99 111 153 104
 162 140  31  75  88 122  83  87 150  84 162 124  40  54 161 158 151 148
 125  71 143 149 161  77]