459,[106 144  68 116 140 156 159  98  46  81  27  41  51  45 116  94 129  62
  37  40 131 127  99 158 131  94 100  78 143 153  62 153 102 148  61 162
 157 161 158 154 159 163 163 162 153 159  76 137  48 163 162 166 161  75
 111  54 144 161 160  65 154 153 112 160  35 111 141 154 115  20 122  62
 144  75 160 111 106  33  51 163 165  99 104  72  51 158  99  32 167 142
 141 148  76 155 145 147 111 173 146  26 156 135 159 142  68 151 159 164
 141  54  90 155 140  75  81  83  64 162 157 159 101  74 164 155 168 163
 158 159  75 148 123 157 134 150  99 158 144 154  74 160  28 167  71 136
 157  29 156 141 164 154  80 132 161  34 143 115  44 157 156 149 146 133
 120 131 154 141  88  43 138 136 100 144 153 158 145 135 148 147 153 156
  47 153 161 137  95  91  55 162 150 160 149 112 149  71 155 143 133  88
 147 153 158 157  81 156  44 159  80 152 151  46 142  33 114 151 110 156
  44  34  44 154  63  42  86  61 152  91  62 156 107  69 110 137 108  88
  71  31  62  78 143 164 107 139  21 150  64  89 106 114  29 152  39 145
 157 160 123 116 156 159  37 119  75  78  62  57 158 149 159  81  30  39
 145  52 120 144  56  40  61  82 145  45  66 114  34  55  86 118  54 127
 130 145 136 161  93 136  37  70 160  80  50 147 155  39  38 159 154 149
  49 163 130  51  39  68 106 122  33 110  48  16 154 159 129 153  49 102
 101 160  83 152 158 115 161  86  35  69  81 157  83 151  59  93  42 139
 125  51  66 148 114  66  76 144  56 137 108 160 159 145 153 149 112  58
 166 145  52 139  23 100  50  72  58 145 140  74  75 148 138  55 153 105
 161  99 161 161 158  32 122  31  88 146 153  70  54 111  40  48 156 164
 156 155  92 158  87 160 153  97  65 139 144 142 151 161 153 143 143 156
  88  77  74 166  42  83  94  50 140 159 125 149 123  54 144  32 151 126
 137 149 155 166  84  34 152  65 160 104 151 158 162 153  74 124 163 154
  79 142 150  76  60  64  71 156  54]