prescision@ average results:
1.0 1.0 0.9696969696969697 0.9217171717171717 0.8242424242424234 

recall@ average results:
0.2589225589225587 0.5178451178451174 0.7355218855218855 0.9111111111111104 1.0 

F1@ average results:
0.4057239057239055 0.6702260702260695 0.8234006734006732 0.903799903799903 0.8919753086419745 

F0.5@ average results:
0.6240981240981247 0.8298132843587387 0.9016760744701915 0.9120697366311393 0.8484183069163304 

prescision@ results:
1.0 1.0 1.0 1.0 0.8 
1.0 1.0 1.0 1.0 0.8 
1.0 1.0 1.0 1.0 0.8 
1.0 1.0 1.0 1.0 0.8 
1.0 1.0 1.0 1.0 0.8 
1.0 1.0 1.0 1.0 1.0 
1.0 1.0 1.0 1.0 1.0 
1.0 1.0 1.0 1.0 1.0 
1.0 1.0 1.0 1.0 1.0 
1.0 1.0 1.0 0.75 0.8 
1.0 1.0 0.6666666666666666 0.5 0.4 
1.0 1.0 1.0 1.0 0.8 
1.0 1.0 1.0 1.0 1.0 
1.0 1.0 1.0 1.0 1.0 
1.0 1.0 1.0 1.0 0.8 
1.0 1.0 1.0 0.75 0.6 
1.0 1.0 0.6666666666666666 0.5 0.4 
1.0 1.0 1.0 1.0 1.0 
1.0 1.0 1.0 1.0 1.0 
1.0 1.0 1.0 1.0 0.8 
1.0 1.0 1.0 0.75 0.6 
1.0 1.0 1.0 1.0 1.0 
1.0 1.0 1.0 1.0 1.0 
1.0 1.0 1.0 0.75 0.6 
1.0 1.0 1.0 1.0 0.8 
1.0 1.0 1.0 1.0 0.8 
1.0 1.0 1.0 0.75 0.6 
1.0 1.0 1.0 0.75 0.6 
1.0 1.0 1.0 1.0 0.8 
1.0 1.0 1.0 1.0 0.8 
1.0 1.0 1.0 1.0 1.0 
1.0 1.0 1.0 1.0 1.0 
1.0 1.0 1.0 1.0 1.0 
1.0 1.0 0.6666666666666666 0.5 0.4 
1.0 1.0 1.0 1.0 1.0 
1.0 1.0 1.0 1.0 0.8 
1.0 1.0 1.0 0.75 0.6 
1.0 1.0 1.0 0.75 0.8 
1.0 1.0 0.6666666666666666 0.75 0.6 
1.0 1.0 1.0 0.75 0.6 
1.0 1.0 1.0 1.0 1.0 
1.0 1.0 1.0 1.0 1.0 
1.0 1.0 1.0 1.0 1.0 
1.0 1.0 1.0 1.0 1.0 
1.0 1.0 1.0 1.0 1.0 
1.0 1.0 1.0 1.0 1.0 
1.0 1.0 1.0 1.0 0.8 
1.0 1.0 1.0 1.0 0.8 
1.0 1.0 1.0 1.0 0.8 
1.0 1.0 1.0 1.0 1.0 
1.0 1.0 1.0 1.0 1.0 
1.0 1.0 1.0 1.0 0.8 
1.0 1.0 1.0 1.0 0.8 
1.0 1.0 1.0 0.75 0.8 
1.0 1.0 0.6666666666666666 0.5 0.4 
1.0 1.0 1.0 1.0 0.8 
1.0 1.0 1.0 1.0 1.0 
1.0 1.0 0.6666666666666666 0.5 0.4 
1.0 1.0 1.0 1.0 1.0 
1.0 1.0 1.0 1.0 1.0 
1.0 1.0 1.0 0.75 0.6 
1.0 1.0 1.0 1.0 0.8 
1.0 1.0 0.6666666666666666 0.5 0.4 
1.0 1.0 1.0 1.0 1.0 
1.0 1.0 1.0 1.0 1.0 
1.0 1.0 1.0 1.0 1.0 
1.0 1.0 1.0 1.0 1.0 
1.0 1.0 1.0 1.0 0.8 
1.0 1.0 1.0 0.75 0.6 
1.0 1.0 1.0 1.0 0.8 
1.0 1.0 1.0 1.0 0.8 
1.0 1.0 1.0 1.0 0.8 
1.0 1.0 1.0 1.0 0.8 
1.0 1.0 1.0 0.75 0.6 
1.0 1.0 1.0 1.0 0.8 
1.0 1.0 1.0 1.0 0.8 
1.0 1.0 1.0 1.0 0.8 
1.0 1.0 0.6666666666666666 0.5 0.4 
1.0 1.0 1.0 1.0 1.0 
1.0 1.0 1.0 0.75 0.6 
1.0 1.0 1.0 1.0 1.0 
1.0 1.0 0.6666666666666666 0.75 0.8 
1.0 1.0 1.0 1.0 1.0 
1.0 1.0 1.0 1.0 0.8 
1.0 1.0 1.0 0.75 0.6 
1.0 1.0 1.0 1.0 0.8 
1.0 1.0 1.0 1.0 0.8 
1.0 1.0 1.0 1.0 1.0 
1.0 1.0 1.0 1.0 1.0 
1.0 1.0 1.0 1.0 1.0 
1.0 1.0 1.0 1.0 0.8 
1.0 1.0 1.0 1.0 1.0 
1.0 1.0 1.0 1.0 0.8 
1.0 1.0 1.0 1.0 1.0 
1.0 1.0 1.0 1.0 0.8 
1.0 1.0 1.0 1.0 0.8 
1.0 1.0 1.0 1.0 1.0 
1.0 1.0 1.0 1.0 1.0 
1.0 1.0 1.0 1.0 0.8 

recall@ results:
0.25 0.5 0.75 1.0 1.0 
0.25 0.5 0.75 1.0 1.0 
0.25 0.5 0.75 1.0 1.0 
0.25 0.5 0.75 1.0 1.0 
0.25 0.5 0.75 1.0 1.0 
0.2 0.4 0.6 0.8 1.0 
0.2 0.4 0.6 0.8 1.0 
0.2 0.4 0.6 0.8 1.0 
0.2 0.4 0.6 0.8 1.0 
0.25 0.5 0.75 0.75 1.0 
0.5 1.0 1.0 1.0 1.0 
0.25 0.5 0.75 1.0 1.0 
0.2 0.4 0.6 0.8 1.0 
0.2 0.4 0.6 0.8 1.0 
0.25 0.5 0.75 1.0 1.0 
0.3333333333333333 0.6666666666666666 1.0 1.0 1.0 
0.5 1.0 1.0 1.0 1.0 
0.2 0.4 0.6 0.8 1.0 
0.2 0.4 0.6 0.8 1.0 
0.25 0.5 0.75 1.0 1.0 
0.3333333333333333 0.6666666666666666 1.0 1.0 1.0 
0.2 0.4 0.6 0.8 1.0 
0.2 0.4 0.6 0.8 1.0 
0.3333333333333333 0.6666666666666666 1.0 1.0 1.0 
0.25 0.5 0.75 1.0 1.0 
0.25 0.5 0.75 1.0 1.0 
0.3333333333333333 0.6666666666666666 1.0 1.0 1.0 
0.3333333333333333 0.6666666666666666 1.0 1.0 1.0 
0.25 0.5 0.75 1.0 1.0 
0.25 0.5 0.75 1.0 1.0 
0.2 0.4 0.6 0.8 1.0 
0.2 0.4 0.6 0.8 1.0 
0.2 0.4 0.6 0.8 1.0 
0.5 1.0 1.0 1.0 1.0 
0.2 0.4 0.6 0.8 1.0 
0.25 0.5 0.75 1.0 1.0 
0.3333333333333333 0.6666666666666666 1.0 1.0 1.0 
0.25 0.5 0.75 0.75 1.0 
0.3333333333333333 0.6666666666666666 0.6666666666666666 1.0 1.0 
0.3333333333333333 0.6666666666666666 1.0 1.0 1.0 
0.2 0.4 0.6 0.8 1.0 
0.2 0.4 0.6 0.8 1.0 
0.2 0.4 0.6 0.8 1.0 
0.2 0.4 0.6 0.8 1.0 
0.2 0.4 0.6 0.8 1.0 
0.2 0.4 0.6 0.8 1.0 
0.25 0.5 0.75 1.0 1.0 
0.25 0.5 0.75 1.0 1.0 
0.25 0.5 0.75 1.0 1.0 
0.2 0.4 0.6 0.8 1.0 
0.2 0.4 0.6 0.8 1.0 
0.25 0.5 0.75 1.0 1.0 
0.25 0.5 0.75 1.0 1.0 
0.25 0.5 0.75 0.75 1.0 
0.5 1.0 1.0 1.0 1.0 
0.25 0.5 0.75 1.0 1.0 
0.2 0.4 0.6 0.8 1.0 
0.5 1.0 1.0 1.0 1.0 
0.2 0.4 0.6 0.8 1.0 
0.2 0.4 0.6 0.8 1.0 
0.3333333333333333 0.6666666666666666 1.0 1.0 1.0 
0.25 0.5 0.75 1.0 1.0 
0.5 1.0 1.0 1.0 1.0 
0.2 0.4 0.6 0.8 1.0 
0.2 0.4 0.6 0.8 1.0 
0.2 0.4 0.6 0.8 1.0 
0.2 0.4 0.6 0.8 1.0 
0.25 0.5 0.75 1.0 1.0 
0.3333333333333333 0.6666666666666666 1.0 1.0 1.0 
0.25 0.5 0.75 1.0 1.0 
0.25 0.5 0.75 1.0 1.0 
0.25 0.5 0.75 1.0 1.0 
0.25 0.5 0.75 1.0 1.0 
0.3333333333333333 0.6666666666666666 1.0 1.0 1.0 
0.25 0.5 0.75 1.0 1.0 
0.25 0.5 0.75 1.0 1.0 
0.25 0.5 0.75 1.0 1.0 
0.5 1.0 1.0 1.0 1.0 
0.2 0.4 0.6 0.8 1.0 
0.3333333333333333 0.6666666666666666 1.0 1.0 1.0 
0.2 0.4 0.6 0.8 1.0 
0.25 0.5 0.5 0.75 1.0 
0.2 0.4 0.6 0.8 1.0 
0.25 0.5 0.75 1.0 1.0 
0.3333333333333333 0.6666666666666666 1.0 1.0 1.0 
0.25 0.5 0.75 1.0 1.0 
0.25 0.5 0.75 1.0 1.0 
0.2 0.4 0.6 0.8 1.0 
0.2 0.4 0.6 0.8 1.0 
0.2 0.4 0.6 0.8 1.0 
0.25 0.5 0.75 1.0 1.0 
0.2 0.4 0.6 0.8 1.0 
0.25 0.5 0.75 1.0 1.0 
0.2 0.4 0.6 0.8 1.0 
0.25 0.5 0.75 1.0 1.0 
0.25 0.5 0.75 1.0 1.0 
0.2 0.4 0.6 0.8 1.0 
0.2 0.4 0.6 0.8 1.0 
0.25 0.5 0.75 1.0 1.0 

f1@ results:
0.4 0.6666666666666666 0.8571428571428571 1.0 0.888888888888889 
0.4 0.6666666666666666 0.8571428571428571 1.0 0.888888888888889 
0.4 0.6666666666666666 0.8571428571428571 1.0 0.888888888888889 
0.4 0.6666666666666666 0.8571428571428571 1.0 0.888888888888889 
0.4 0.6666666666666666 0.8571428571428571 1.0 0.888888888888889 
0.33333333333333337 0.5714285714285715 0.7499999999999999 0.888888888888889 1.0 
0.33333333333333337 0.5714285714285715 0.7499999999999999 0.888888888888889 1.0 
0.33333333333333337 0.5714285714285715 0.7499999999999999 0.888888888888889 1.0 
0.33333333333333337 0.5714285714285715 0.7499999999999999 0.888888888888889 1.0 
0.4 0.6666666666666666 0.8571428571428571 0.75 0.888888888888889 
0.6666666666666666 1.0 0.8 0.6666666666666666 0.5714285714285715 
0.4 0.6666666666666666 0.8571428571428571 1.0 0.888888888888889 
0.33333333333333337 0.5714285714285715 0.7499999999999999 0.888888888888889 1.0 
0.33333333333333337 0.5714285714285715 0.7499999999999999 0.888888888888889 1.0 
0.4 0.6666666666666666 0.8571428571428571 1.0 0.888888888888889 
0.5 0.8 1.0 0.8571428571428571 0.7499999999999999 
0.6666666666666666 1.0 0.8 0.6666666666666666 0.5714285714285715 
0.33333333333333337 0.5714285714285715 0.7499999999999999 0.888888888888889 1.0 
0.33333333333333337 0.5714285714285715 0.7499999999999999 0.888888888888889 1.0 
0.4 0.6666666666666666 0.8571428571428571 1.0 0.888888888888889 
0.5 0.8 1.0 0.8571428571428571 0.7499999999999999 
0.33333333333333337 0.5714285714285715 0.7499999999999999 0.888888888888889 1.0 
0.33333333333333337 0.5714285714285715 0.7499999999999999 0.888888888888889 1.0 
0.5 0.8 1.0 0.8571428571428571 0.7499999999999999 
0.4 0.6666666666666666 0.8571428571428571 1.0 0.888888888888889 
0.4 0.6666666666666666 0.8571428571428571 1.0 0.888888888888889 
0.5 0.8 1.0 0.8571428571428571 0.7499999999999999 
0.5 0.8 1.0 0.8571428571428571 0.7499999999999999 
0.4 0.6666666666666666 0.8571428571428571 1.0 0.888888888888889 
0.4 0.6666666666666666 0.8571428571428571 1.0 0.888888888888889 
0.33333333333333337 0.5714285714285715 0.7499999999999999 0.888888888888889 1.0 
0.33333333333333337 0.5714285714285715 0.7499999999999999 0.888888888888889 1.0 
0.33333333333333337 0.5714285714285715 0.7499999999999999 0.888888888888889 1.0 
0.6666666666666666 1.0 0.8 0.6666666666666666 0.5714285714285715 
0.33333333333333337 0.5714285714285715 0.7499999999999999 0.888888888888889 1.0 
0.4 0.6666666666666666 0.8571428571428571 1.0 0.888888888888889 
0.5 0.8 1.0 0.8571428571428571 0.7499999999999999 
0.4 0.6666666666666666 0.8571428571428571 0.75 0.888888888888889 
0.5 0.8 0.6666666666666666 0.8571428571428571 0.7499999999999999 
0.5 0.8 1.0 0.8571428571428571 0.7499999999999999 
0.33333333333333337 0.5714285714285715 0.7499999999999999 0.888888888888889 1.0 
0.33333333333333337 0.5714285714285715 0.7499999999999999 0.888888888888889 1.0 
0.33333333333333337 0.5714285714285715 0.7499999999999999 0.888888888888889 1.0 
0.33333333333333337 0.5714285714285715 0.7499999999999999 0.888888888888889 1.0 
0.33333333333333337 0.5714285714285715 0.7499999999999999 0.888888888888889 1.0 
0.33333333333333337 0.5714285714285715 0.7499999999999999 0.888888888888889 1.0 
0.4 0.6666666666666666 0.8571428571428571 1.0 0.888888888888889 
0.4 0.6666666666666666 0.8571428571428571 1.0 0.888888888888889 
0.4 0.6666666666666666 0.8571428571428571 1.0 0.888888888888889 
0.33333333333333337 0.5714285714285715 0.7499999999999999 0.888888888888889 1.0 
0.33333333333333337 0.5714285714285715 0.7499999999999999 0.888888888888889 1.0 
0.4 0.6666666666666666 0.8571428571428571 1.0 0.888888888888889 
0.4 0.6666666666666666 0.8571428571428571 1.0 0.888888888888889 
0.4 0.6666666666666666 0.8571428571428571 0.75 0.888888888888889 
0.6666666666666666 1.0 0.8 0.6666666666666666 0.5714285714285715 
0.4 0.6666666666666666 0.8571428571428571 1.0 0.888888888888889 
0.33333333333333337 0.5714285714285715 0.7499999999999999 0.888888888888889 1.0 
0.6666666666666666 1.0 0.8 0.6666666666666666 0.5714285714285715 
0.33333333333333337 0.5714285714285715 0.7499999999999999 0.888888888888889 1.0 
0.33333333333333337 0.5714285714285715 0.7499999999999999 0.888888888888889 1.0 
0.5 0.8 1.0 0.8571428571428571 0.7499999999999999 
0.4 0.6666666666666666 0.8571428571428571 1.0 0.888888888888889 
0.6666666666666666 1.0 0.8 0.6666666666666666 0.5714285714285715 
0.33333333333333337 0.5714285714285715 0.7499999999999999 0.888888888888889 1.0 
0.33333333333333337 0.5714285714285715 0.7499999999999999 0.888888888888889 1.0 
0.33333333333333337 0.5714285714285715 0.7499999999999999 0.888888888888889 1.0 
0.33333333333333337 0.5714285714285715 0.7499999999999999 0.888888888888889 1.0 
0.4 0.6666666666666666 0.8571428571428571 1.0 0.888888888888889 
0.5 0.8 1.0 0.8571428571428571 0.7499999999999999 
0.4 0.6666666666666666 0.8571428571428571 1.0 0.888888888888889 
0.4 0.6666666666666666 0.8571428571428571 1.0 0.888888888888889 
0.4 0.6666666666666666 0.8571428571428571 1.0 0.888888888888889 
0.4 0.6666666666666666 0.8571428571428571 1.0 0.888888888888889 
0.5 0.8 1.0 0.8571428571428571 0.7499999999999999 
0.4 0.6666666666666666 0.8571428571428571 1.0 0.888888888888889 
0.4 0.6666666666666666 0.8571428571428571 1.0 0.888888888888889 
0.4 0.6666666666666666 0.8571428571428571 1.0 0.888888888888889 
0.6666666666666666 1.0 0.8 0.6666666666666666 0.5714285714285715 
0.33333333333333337 0.5714285714285715 0.7499999999999999 0.888888888888889 1.0 
0.5 0.8 1.0 0.8571428571428571 0.7499999999999999 
0.33333333333333337 0.5714285714285715 0.7499999999999999 0.888888888888889 1.0 
0.4 0.6666666666666666 0.5714285714285715 0.75 0.888888888888889 
0.33333333333333337 0.5714285714285715 0.7499999999999999 0.888888888888889 1.0 
0.4 0.6666666666666666 0.8571428571428571 1.0 0.888888888888889 
0.5 0.8 1.0 0.8571428571428571 0.7499999999999999 
0.4 0.6666666666666666 0.8571428571428571 1.0 0.888888888888889 
0.4 0.6666666666666666 0.8571428571428571 1.0 0.888888888888889 
0.33333333333333337 0.5714285714285715 0.7499999999999999 0.888888888888889 1.0 
0.33333333333333337 0.5714285714285715 0.7499999999999999 0.888888888888889 1.0 
0.33333333333333337 0.5714285714285715 0.7499999999999999 0.888888888888889 1.0 
0.4 0.6666666666666666 0.8571428571428571 1.0 0.888888888888889 
0.33333333333333337 0.5714285714285715 0.7499999999999999 0.888888888888889 1.0 
0.4 0.6666666666666666 0.8571428571428571 1.0 0.888888888888889 
0.33333333333333337 0.5714285714285715 0.7499999999999999 0.888888888888889 1.0 
0.4 0.6666666666666666 0.8571428571428571 1.0 0.888888888888889 
0.4 0.6666666666666666 0.8571428571428571 1.0 0.888888888888889 
0.33333333333333337 0.5714285714285715 0.7499999999999999 0.888888888888889 1.0 
0.33333333333333337 0.5714285714285715 0.7499999999999999 0.888888888888889 1.0 
0.4 0.6666666666666666 0.8571428571428571 1.0 0.888888888888889 

f0.5@ results:
0.625 0.8333333333333334 0.9375 1.0 0.8333333333333334 
0.625 0.8333333333333334 0.9375 1.0 0.8333333333333334 
0.625 0.8333333333333334 0.9375 1.0 0.8333333333333334 
0.625 0.8333333333333334 0.9375 1.0 0.8333333333333334 
0.625 0.8333333333333334 0.9375 1.0 0.8333333333333334 
0.5555555555555556 0.7692307692307692 0.8823529411764706 0.9523809523809523 1.0 
0.5555555555555556 0.7692307692307692 0.8823529411764706 0.9523809523809523 1.0 
0.5555555555555556 0.7692307692307692 0.8823529411764706 0.9523809523809523 1.0 
0.5555555555555556 0.7692307692307692 0.8823529411764706 0.9523809523809523 1.0 
0.625 0.8333333333333334 0.9375 0.75 0.8333333333333334 
0.8333333333333334 1.0 0.7142857142857142 0.5555555555555556 0.45454545454545453 
0.625 0.8333333333333334 0.9375 1.0 0.8333333333333334 
0.5555555555555556 0.7692307692307692 0.8823529411764706 0.9523809523809523 1.0 
0.5555555555555556 0.7692307692307692 0.8823529411764706 0.9523809523809523 1.0 
0.625 0.8333333333333334 0.9375 1.0 0.8333333333333334 
0.7142857142857143 0.9090909090909091 1.0 0.7894736842105263 0.6521739130434783 
0.8333333333333334 1.0 0.7142857142857142 0.5555555555555556 0.45454545454545453 
0.5555555555555556 0.7692307692307692 0.8823529411764706 0.9523809523809523 1.0 
0.5555555555555556 0.7692307692307692 0.8823529411764706 0.9523809523809523 1.0 
0.625 0.8333333333333334 0.9375 1.0 0.8333333333333334 
0.7142857142857143 0.9090909090909091 1.0 0.7894736842105263 0.6521739130434783 
0.5555555555555556 0.7692307692307692 0.8823529411764706 0.9523809523809523 1.0 
0.5555555555555556 0.7692307692307692 0.8823529411764706 0.9523809523809523 1.0 
0.7142857142857143 0.9090909090909091 1.0 0.7894736842105263 0.6521739130434783 
0.625 0.8333333333333334 0.9375 1.0 0.8333333333333334 
0.625 0.8333333333333334 0.9375 1.0 0.8333333333333334 
0.7142857142857143 0.9090909090909091 1.0 0.7894736842105263 0.6521739130434783 
0.7142857142857143 0.9090909090909091 1.0 0.7894736842105263 0.6521739130434783 
0.625 0.8333333333333334 0.9375 1.0 0.8333333333333334 
0.625 0.8333333333333334 0.9375 1.0 0.8333333333333334 
0.5555555555555556 0.7692307692307692 0.8823529411764706 0.9523809523809523 1.0 
0.5555555555555556 0.7692307692307692 0.8823529411764706 0.9523809523809523 1.0 
0.5555555555555556 0.7692307692307692 0.8823529411764706 0.9523809523809523 1.0 
0.8333333333333334 1.0 0.7142857142857142 0.5555555555555556 0.45454545454545453 
0.5555555555555556 0.7692307692307692 0.8823529411764706 0.9523809523809523 1.0 
0.625 0.8333333333333334 0.9375 1.0 0.8333333333333334 
0.7142857142857143 0.9090909090909091 1.0 0.7894736842105263 0.6521739130434783 
0.625 0.8333333333333334 0.9375 0.75 0.8333333333333334 
0.7142857142857143 0.9090909090909091 0.6666666666666666 0.7894736842105263 0.6521739130434783 
0.7142857142857143 0.9090909090909091 1.0 0.7894736842105263 0.6521739130434783 
0.5555555555555556 0.7692307692307692 0.8823529411764706 0.9523809523809523 1.0 
0.5555555555555556 0.7692307692307692 0.8823529411764706 0.9523809523809523 1.0 
0.5555555555555556 0.7692307692307692 0.8823529411764706 0.9523809523809523 1.0 
0.5555555555555556 0.7692307692307692 0.8823529411764706 0.9523809523809523 1.0 
0.5555555555555556 0.7692307692307692 0.8823529411764706 0.9523809523809523 1.0 
0.5555555555555556 0.7692307692307692 0.8823529411764706 0.9523809523809523 1.0 
0.625 0.8333333333333334 0.9375 1.0 0.8333333333333334 
0.625 0.8333333333333334 0.9375 1.0 0.8333333333333334 
0.625 0.8333333333333334 0.9375 1.0 0.8333333333333334 
0.5555555555555556 0.7692307692307692 0.8823529411764706 0.9523809523809523 1.0 
0.5555555555555556 0.7692307692307692 0.8823529411764706 0.9523809523809523 1.0 
0.625 0.8333333333333334 0.9375 1.0 0.8333333333333334 
0.625 0.8333333333333334 0.9375 1.0 0.8333333333333334 
0.625 0.8333333333333334 0.9375 0.75 0.8333333333333334 
0.8333333333333334 1.0 0.7142857142857142 0.5555555555555556 0.45454545454545453 
0.625 0.8333333333333334 0.9375 1.0 0.8333333333333334 
0.5555555555555556 0.7692307692307692 0.8823529411764706 0.9523809523809523 1.0 
0.8333333333333334 1.0 0.7142857142857142 0.5555555555555556 0.45454545454545453 
0.5555555555555556 0.7692307692307692 0.8823529411764706 0.9523809523809523 1.0 
0.5555555555555556 0.7692307692307692 0.8823529411764706 0.9523809523809523 1.0 
0.7142857142857143 0.9090909090909091 1.0 0.7894736842105263 0.6521739130434783 
0.625 0.8333333333333334 0.9375 1.0 0.8333333333333334 
0.8333333333333334 1.0 0.7142857142857142 0.5555555555555556 0.45454545454545453 
0.5555555555555556 0.7692307692307692 0.8823529411764706 0.9523809523809523 1.0 
0.5555555555555556 0.7692307692307692 0.8823529411764706 0.9523809523809523 1.0 
0.5555555555555556 0.7692307692307692 0.8823529411764706 0.9523809523809523 1.0 
0.5555555555555556 0.7692307692307692 0.8823529411764706 0.9523809523809523 1.0 
0.625 0.8333333333333334 0.9375 1.0 0.8333333333333334 
0.7142857142857143 0.9090909090909091 1.0 0.7894736842105263 0.6521739130434783 
0.625 0.8333333333333334 0.9375 1.0 0.8333333333333334 
0.625 0.8333333333333334 0.9375 1.0 0.8333333333333334 
0.625 0.8333333333333334 0.9375 1.0 0.8333333333333334 
0.625 0.8333333333333334 0.9375 1.0 0.8333333333333334 
0.7142857142857143 0.9090909090909091 1.0 0.7894736842105263 0.6521739130434783 
0.625 0.8333333333333334 0.9375 1.0 0.8333333333333334 
0.625 0.8333333333333334 0.9375 1.0 0.8333333333333334 
0.625 0.8333333333333334 0.9375 1.0 0.8333333333333334 
0.8333333333333334 1.0 0.7142857142857142 0.5555555555555556 0.45454545454545453 
0.5555555555555556 0.7692307692307692 0.8823529411764706 0.9523809523809523 1.0 
0.7142857142857143 0.9090909090909091 1.0 0.7894736842105263 0.6521739130434783 
0.5555555555555556 0.7692307692307692 0.8823529411764706 0.9523809523809523 1.0 
0.625 0.8333333333333334 0.625 0.75 0.8333333333333334 
0.5555555555555556 0.7692307692307692 0.8823529411764706 0.9523809523809523 1.0 
0.625 0.8333333333333334 0.9375 1.0 0.8333333333333334 
0.7142857142857143 0.9090909090909091 1.0 0.7894736842105263 0.6521739130434783 
0.625 0.8333333333333334 0.9375 1.0 0.8333333333333334 
0.625 0.8333333333333334 0.9375 1.0 0.8333333333333334 
0.5555555555555556 0.7692307692307692 0.8823529411764706 0.9523809523809523 1.0 
0.5555555555555556 0.7692307692307692 0.8823529411764706 0.9523809523809523 1.0 
0.5555555555555556 0.7692307692307692 0.8823529411764706 0.9523809523809523 1.0 
0.625 0.8333333333333334 0.9375 1.0 0.8333333333333334 
0.5555555555555556 0.7692307692307692 0.8823529411764706 0.9523809523809523 1.0 
0.625 0.8333333333333334 0.9375 1.0 0.8333333333333334 
0.5555555555555556 0.7692307692307692 0.8823529411764706 0.9523809523809523 1.0 
0.625 0.8333333333333334 0.9375 1.0 0.8333333333333334 
0.625 0.8333333333333334 0.9375 1.0 0.8333333333333334 
0.5555555555555556 0.7692307692307692 0.8823529411764706 0.9523809523809523 1.0 
0.5555555555555556 0.7692307692307692 0.8823529411764706 0.9523809523809523 1.0 
0.625 0.8333333333333334 0.9375 1.0 0.8333333333333334 

