488,[ 27  41  40  62  51  46  50  40  37  45  48  33  54  45  55  54  46  61
  55  54  63  54  58  48  48  62  34  62  40  51  20  50  32  33  32  34
  32  54  49  47  29  39  56  62  44  34  55  44  35  42  42  28  62  16
  59  61  64  42  34  29  37  39  33  50  43  58  38  56  26  62  39  31
  61  64  35  49  34  26  51  54  57  23  21  51  48  31  44  36  39  30
  13  60  61  52 106  68  78  94  72 100  99  99 100  74  98  81  74  75
  71  94  72  92  65 101  76  95  75  81  80  99  75  99 106  84  70  64
  91 102  68  86  89  94  68  77  75  74  86  87  68 104  76  71  82  88
  88  79 105  76 104  93  78  83  66 102  99  65  74  78 103 100  91  83
  75  99  80 101  88  97  74  88  83  75  69  74  90 101  76  86  70  65
  66  81  83  66  80  88  93  81  88  71  79  81  71 116 140 138 144 141
 111 143 116 111 131 112 140 142 133 143 111 136 127 130 130 140 122 138
 111 120 131 129 126 112 140 141 127 131 125 133 138 142 122 143 135 115
 135 137 110 139 110 115 134 139 137 123 106 111 137 119 136 110 143 143
 139 142 108 136 129 114 106 118 123 142 122 114 141 136 125 132 137 137
 112 139 139 107 132 114 143 141 141 134 118 124 115 142 125 137 108 107
 123 133 144 156 155 154 148 153 145 155 150 148 149 147 150 156 145 146
 145 151 145 147 151 149 153 149 155 155 151 152 145 144 153 153 147 144
 147 146 153 155 151 144 148 146 155 153 154 154 152 144 154 145 153 153
 153 150 151 150 155 154 154 148 147 152 155 151 149 156 153 156 149 156
 153 144 152 149 144 154 149 145 154 145 153 145 152 146 153 156 151 148
 154 153 150 154 149 148 152 147 153 144 159 162 167 158 164 156 159 160
 161 157 158 161 158 161 159 157 156 158 160 159 158 159 163 164 159 159
 163 160 161 158 161 160 156 168 164 166 164 159 157 157 160 158 158 166
 164 156 161 159 163 163 164 162 163 157 156 161 162 162 160 162 166 163
 158 168 167 159 159 158 160 161 160 160 157 161 157 161 156 158 157 160
 161 159 163 159 173 162 156 161 158 160 159 166 163 161 156 158 157 162
 163 165]